6.297776e-08 6.297776e-08 1.877905e-01 0.00 0.45531269806747615 -0.0397827163256654 0.15804679013016237 0.5679515803506034 335.4384783851805,339.4372808763796,343.43673992264974,347.4356988598161,351.43552148662997,355.4347997156609,359.43458692589684,363.4341373523541,367.4340460180375,371.43380281177866,375.4337261747379,379.4335941383019,383.4336106367771,387.43337406821934,391.43342532958866,395.43315111925557,399.4333478135435,403.43303683935466,407.4328308783957,411.43259397658,415.43252917954203,419.4318927109481,423.431664045339,427.4309820333097,431.4308524900377
7.612936e-08 7.612936e-08 1.880989e-01 0.00 0.45531269806747615 -0.0397827163256654 0.15804679013016237 0.5678588249528951 335.43901729035105,339.43775407561725,343.4372725717646,347.4362680305663,351.43605608650944,355.4354166354362,359.4351807540683,363.4347153877614,367.4347552995584,371.4344071438208,375.4343692381658,379.4341002666279,383.43416773080764,387.4340264345443,391.4341733265493,395.4338637727459,399.43394949779946,403.43366325706796,407.43363295330954,411.43336524245694,415.4330894251705,419.43257184960487,423.432394614847,427.4315643757064,431.431663103247
1.050728e-07 1.050728e-07 1.847447e-01 0.00 0.45531269806747615 -0.0397827163256654 0.15804679013016237 0.568441866335287 335.435803841516,339.4345641056734,343.4340361031428,347.4330736160188,351.432696761466,355.43198668754366,359.4318424077768,363.4312183587352,367.4312116493728,371.430763961144,375.4307201074989,379.4304883786899,383.4305288943473,387.43026321448457,391.4303439294937,395.42995916000933,399.4299983561828,403.4297264778539,407.4296393358532,411.4292315152902,415.4291119385424,419.4283817443985,423.42802784383946,427.42728086071963,431.42727440248996
1.577379e-07 1.577379e-07 2.310101e-01 0.00 0.45531269806747615 -0.0397827163256654 0.15804679013016237 0.5585518187746383 335.4775386943559,339.4769571907208,343.4769187670146,347.4766655601662,351.4768306416352,355.4766364831049,359.4771922304915,363.477224233764,367.47768426709786,371.47786849186576,375.47852172103285,379.47878204022334,383.4794367435443,387.4798487668951,391.48047872534556,395.4808610971266,399.481496006076,403.48188331743245,407.48241190175764,411.482629362333,415.4830345871191,419.48312086832055,423.4836356429562,427.4835255823338
1.377428e-07 1.377428e-07 2.284644e-01 0.00 0.45531269806747615 -0.0397827163256654 0.15804679013016237 0.5590117067540942 335.475463651114,339.47485404804206,343.47478986800957,347.47426555518206,351.474548849128,355.47435644560585,359.4746653687266,363.4747595867497,367.4751900409442,371.47542450237717,375.4759610967866,379.4762674301679,383.4768848159807,387.4771800647102,391.4777871620772,395.4781672717438,399.4788558637158,403.4791191710602,407.47955833797334,411.47991658808576,415.48036313636413,419.4803961588325,423.4806380381002,427.48052584385334
9.692606e-08 9.692606e-08 2.249067e-01 0.00 0.45531269806747615 -0.0397827163256654 0.15804679013016237 0.559771896773708 335.4721246307679,339.47143489129826,343.47140214115655,347.4709573925953,351.47112084883827,355.47087187297916,359.4713160712044,363.47124200649904,367.47161982570947,371.47180743926066,375.4724120099034,379.47249896784746,383.4732177061332,387.4733946973098,391.47404605956564,395.47421672800635,399.4747821769124,403.47509177474143,407.4754958611823,411.4757370404988,415.4761002076718,419.4762643999988,423.47632469241483,427.476206442139,431.47639843479675
3.828643e-08 3.828643e-08 2.127889e-01 0.00 0.45531269806747615 -0.0397827163256654 0.15804679013016237 0.5623536279342093 335.4615014775086,339.46069846488103,343.4604528948163,347.4599087990295,351.45982021177355,355.45950942403823,359.4597273464404,363.45957288017394,367.459783454283,371.45982571447547,375.46026191873756,379.4602559650512,383.46086142911065,387.46073971308306,391.46120165437026,395.4614314513101,399.4618160495857,403.4617806983936,407.4621428653398,411.4621736537674,415.4623930071997,419.4622952070776,423.462342251798,427.46192953112484,431.4621242196357
6.097998e-08 6.097998e-08 2.161864e-01 0.00 0.45531269806747615 -0.0397827163256654 0.15804679013016237 0.5611126871658094 335.46599492616855,339.4650792894226,343.4650062599215,347.4644686700171,351.464425055418,355.4642390766219,359.46440008601024,363.464318860745,367.4647463834891,371.464744803976,375.46517803984716,379.4654387692558,383.46591327517274,387.4659623485609,391.4665359268072,395.4666846611351,399.4672351852528,403.4673064700276,407.46751471520906,411.46785547135164,415.4680403462486,419.4680485154805,423.46810363789035,427.4680353060817,431.4679931033816
2.606746e-08 2.606746e-08 2.048128e-01 0.00 0.45531269806747615 -0.0397827163256654 0.15804679013016237 0.5641546689241311 335.4543758691956,339.4534924474537,343.45312066231554,347.45241614179815,351.4524138598348,355.45182940179154,359.45197093890675,363.4516111958583,367.4518570773525,371.451689455719,375.45203606776005,379.4520613344198,383.4524067641483,387.45237285801073,391.4527025170315,395.45267494470113,399.45298287849465,403.45282189820097,407.4531667506714,411.4530500313204,415.4530379585141,419.45287961038446,423.45297505379295,427.45239191543715,431.45239864370325
1.974635e-07 1.974635e-07 2.345653e-01 0.00 0.45531269806747615 -0.0397827163256654 0.15804679013016237 0.5580182340721309 335.4806578809457,339.4800992173809,343.48005654797385,347.479706371018,351.4800460737971,355.47988080566097,359.48039053242945,363.4804395379167,367.4810023752391,371.4812894676006,375.4820052436077,379.4823155968677,383.48301612129893,387.48345700557707,391.48409571760465,395.48458798835713,399.4852605115387,403.48564519862407,407.4862903711214,411.4864743377033,415.4870587203472,419.48718991259983,423.4876060630282,427.4877039927926
8.359093e-08 8.359093e-08 1.840558e-01 0.00 0.45531269806747615 -0.0397827163256654 0.15804679013016237 0.5687373896170259 335.43475518841126,339.43367637973427,343.4329419697903,347.43214148252446,351.43163605692087,355.4309478466367,359.43064896652635,363.43015263374826,367.4300336869621,371.4296307083245,375.42962678221414,379.4294309714415,383.4293297699466,387.4290385233917,391.4291394640139,395.4288615556453,399.4288211471173,403.42855212985194,407.4284058266086,411.42796859767543,415.42774044943627,419.4273030961015,423.4268718342135,427.4259540105078,431.4260461400371
1.531856e-07 1.531856e-07 1.785812e-01 0.00 0.45531269806747615 -0.0397827163256654 0.15804679013016237 0.56977231334447 335.4300058713139,339.42859242535286,343.42786410002867,347.42684135468073,351.42639122866314,355.42562074728255,359.42523947204637,363.4246704027339,367.4246144826984,371.4240195200997,375.42400611132365,379.4236325740286,383.42355577448296,387.423173646754,391.4232639128583,395.42280251316805,399.4226784617707,403.4223054767985,407.4222388323888,411.42163144938735,415.42132401542847,419.4206496819981,423.420217454007,427.4194681322515,431.4193481594061
1.518841e-07 1.518841e-07 1.792429e-01 0.00 0.45531269806747615 -0.0397827163256654 0.15804679013016237 0.569700436239809 335.43051976094193,339.42916350568817,343.4286081120218,347.42759019293254,351.4270567156703,355.42639762586515,359.42604307813644,363.4254574823604,367.425291692086,371.4248733720672,375.4247461492468,379.4243501439324,383.4242575058637,387.4239859815957,391.4239452791693,395.42359985503174,399.4236110215941,403.42311142690147,407.42287668634594,411.4224322294856,415.42219707064913,419.42150091518573,423.4210279005447,427.4202815247503,431.4201021136738
6.463276e-08 6.463276e-08 2.195992e-01 0.00 0.45531269806747615 -0.0397827163256654 0.15804679013016237 0.560738971047559 335.467688530913,339.46685059955246,343.46660884208546,347.46614404841114,351.4662313217814,355.46598693942633,359.46617833328224,363.4661785714542,367.4664744190373,371.4666124844584,375.4670576222683,379.4671895810003,383.4677666433696,387.4679416050936,391.4684457480065,395.4686571601904,399.4691997119264,403.46929494697963,407.4698548026514,411.46978209946803,415.4701955142782,419.4700347919311,423.4703005758181,427.47005443540144,431.47012771073287
1.315012e-07 1.315012e-07 1.789938e-01 0.00 0.45531269806747615 -0.0397827163256654 0.15804679013016237 0.5697830095145892 335.4299663918943,339.4286261445881,343.4278777711699,347.42690601792447,351.42642364967594,355.42574608910184,359.42536985416797,363.4248129418947,367.4246110887024,371.4240663396582,375.4240353618602,379.4236395310312,383.4236174924756,387.42330086427756,391.4231426469146,395.42287837751115,399.4227239119748,403.4223740852116,407.4221452911287,411.42161585076866,415.42128859310503,419.4206412100999,423.4203144301243,427.4193428758779,431.41929676476826
8.285900e-08 8.285900e-08 2.229929e-01 0.00 0.45531269806747615 -0.0397827163256654 0.15804679013016237 0.5601591073869223 335.4705063012281,339.469765846678,343.4697510524509,347.4691750291137,351.4694063363059,355.46918044424183,359.46942744901133,363.4694248832121,367.46981751926523,371.4699146760449,375.47048868792467,379.47070578213214,383.4711895988085,387.4714187220301,391.4721068968608,395.4722300987672,399.4728281066945,403.47305735005284,407.47348144112993,411.4735292704776,415.47390620611685,419.4739675060873,423.4742062369786,427.4739488252583,431.4741311922642
1.200382e-07 1.200382e-07 2.265136e-01 0.00 0.45531269806747615 -0.0397827163256654 0.15804679013016237 0.559603057191961 335.4736103012182,339.47312585704617,343.4730154866356,347.4726414035031,351.47264624599126,355.4724690669654,359.47285659743113,363.47280664530933,367.473342542991,371.4734890762993,375.4741054918557,379.4743063534732,383.47492804435655,387.4751892103646,391.47588815277203,395.4761168186292,399.4767548996595,403.47698396169244,407.47769794629227,411.477703533744,415.47812626053553,419.47803585456467,423.47841116576876,427.4781336185298
6.354771e-08 6.354771e-08 2.190661e-01 0.00 0.45531269806747615 -0.0397827163256654 0.15804679013016237 0.5611082522784819 335.467076803827,339.4663413291281,343.4661501326784,347.4657128263043,351.46575082724206,355.46545397697383,359.465586040977,363.46555784584706,367.4660283655673,371.4660966003343,375.4665532320902,379.46667281073275,383.4671953428001,387.46732243679713,391.46793407634027,395.46809917357103,399.4685331365122,403.46883547195597,407.4691908009203,411.469277409941,415.4695387988618,419.46952826258206,423.46961929628503,427.46939707658834,431.4695521043081
2.292880e-07 2.292880e-07 1.723093e-01 0.00 0.45531269806747615 -0.0397827163256654 0.15804679013016237 0.5713326385862793 335.4238127735139,339.4223568471278,343.4216144251707,347.42048076291576,351.4200615112293,355.41903760934724,359.4187656143115,363.41802364584674,367.41770085486024,371.4171314077439,375.4170706119079,379.41655652628504,383.4164209729626,387.41593565839776,391.41578812606934,395.4153054026741,399.4151566854691,403.4146084679724,407.41453767342085,411.4136998736882,415.4133194079847,419.4125867576115,423.41208663672404,427.4111798302842,431.411099729718
1.298423e-07 1.298423e-07 2.279190e-01 0.00 0.45531269806747615 -0.0397827163256654 0.15804679013016237 0.5592391951878967 335.47506630435964,339.47435681605776,343.47421536335474,347.4737386479339,351.4740259813892,355.47390130856473,359.47417276407083,363.4742208988199,367.47466869726054,371.4749313391726,375.47541809980737,379.4756833506327,383.4764167075435,387.4767346720482,391.47731391554663,395.4776255358772,399.4782481848604,403.47845557582497,407.4789896538233,411.47923300008324,415.47971841180174,419.4797526489111,423.4799928843595,427.4798656973447
1.356535e-07 1.356535e-07 1.777022e-01 0.00 0.45531269806747615 -0.0397827163256654 0.15804679013016237 0.5703478263808309 335.42858059270327,339.4272325382407,343.4266432038357,347.42553896319976,351.4251122991751,355.4242486877621,359.4239552166508,363.4233128479508,367.4232340812734,371.4226141642105,375.42261699461005,379.422094417562,383.4221903670294,387.421688983355,391.4216558031295,395.42127625126534,399.4211413677681,403.42068940989066,407.42048084736166,411.42001105301097,415.4197599483683,419.41913104839875,423.41871406076785,427.4176476790176,431.4176440538152
5.012526e-08 5.012526e-08 2.164520e-01 0.00 0.45531269806747615 -0.0397827163256654 0.15804679013016237 0.5614295071986287 335.4649900788866,339.46393978796726,343.46382003836754,347.4633373253103,351.4632996243348,355.46300949739873,359.4632563668746,363.46295981486855,367.4635372423443,371.46347094228696,375.4638260652153,379.46404761398173,383.464492868104,387.4646560655149,391.4651610625267,395.46538313698176,399.465754234825,403.46591641131806,407.4662862885734,411.46631425292605,415.4665666169363,419.4664852443547,423.46651050875676,427.46644634212,431.46636406811547
7.534627e-08 7.534627e-08 2.210948e-01 0.00 0.45531269806747615 -0.0397827163256654 0.15804679013016237 0.5605624961089355 335.46894634202204,339.46817068385485,343.467966383025,347.46753779394294,351.46757079568005,355.4673446979489,359.46757090090705,363.46755134345767,367.4679957072543,371.46806146763987,375.46850943143875,379.46876381305583,383.4692169580085,387.46953015467193,391.47005487082845,395.4702382844412,399.47077403580937,403.4711208771385,407.4713641718437,411.47142495828905,415.47171169391,419.47188770232253,423.4720254984048,427.4718583812262,431.47186468501616
7.539204e-08 7.539204e-08 1.893461e-01 0.00 0.45531269806747615 -0.0397827163256654 0.15804679013016237 0.5672416027294856 335.44016857824715,339.43904615578083,343.4384783281143,347.43764200584747,351.4373628353737,355.4366079114339,359.4365442097975,363.4360459160063,367.43603233563704,371.43562305171594,375.43573098295724,379.4354650390289,383.43559652854634,387.43542575507985,391.43555318542434,395.4352713434882,399.4353884510258,403.4350228251809,407.4352063129198,411.43480614832526,415.43468629993896,419.43434193667747,423.43375585044583,427.43318514576214,431.4331124222664
1.308949e-07 1.308949e-07 2.278904e-01 0.00 0.45531269806747615 -0.0397827163256654 0.15804679013016237 0.5590913167351057 335.47490216584384,339.4742112735452,343.47410426498254,347.47381779547214,351.4739769833688,355.4738605298175,359.47412847524123,363.4742880921057,367.4747254207777,371.47479240406284,375.47538314153974,379.475752349352,383.47628236775057,387.4766413834342,391.4773720153227,395.47760429161144,399.4780953805132,403.4784523176861,407.4789582809926,411.4791665997069,415.479572906152,419.4797636351456,423.48000057065946,427.4800749369979
1.467131e-07 1.467131e-07 1.789636e-01 0.00 0.45531269806747615 -0.0397827163256654 0.15804679013016237 0.5698603945942811 335.4302603741873,339.4288947319389,343.4282753360597,347.42728874047305,351.4268826282827,355.42601074839774,359.4257209148973,363.4250599238722,367.4250070725804,371.424502584341,375.42448815272513,379.4240278689224,383.4240467126676,387.42365004853525,391.4236709202038,395.42314553755176,399.42317153016154,403.422819466907,407.4225414217305,411.42200014975936,415.42188579067033,419.421151793639,423.4206844392511,427.4199798338076,431.41992036464967
7.596647e-08 7.596647e-08 2.201344e-01 0.00 0.45531269806747615 -0.0397827163256654 0.15804679013016237 0.560276571264407 335.4698333943722,339.46906627449476,343.4688695562653,347.4683882581629,351.4684892159461,355.46829687706867,359.4685701928194,363.4685180164251,367.46894516029755,371.4689550741967,375.46954956975566,379.4697574054402,383.47031337151924,387.47038143123194,391.471290130028,395.47134173635044,399.47170115747895,403.4721157955917,407.4725211168298,411.4726156365982,415.47286702076065,419.4730084339227,423.4732424412954,427.47299348134504,431.4730149566184
2.647841e-08 2.647841e-08 2.049964e-01 0.00 0.45531269806747615 -0.0397827163256654 0.15804679013016237 0.5638344962825893 335.45454741669926,339.45364894478655,343.453282705542,347.4526206079524,351.45239373515636,355.4520839367216,359.45213289874545,363.4518435088616,367.4520490803737,371.4519175107725,375.4521852377067,379.4523193998776,383.452516596643,387.4524658476082,391.4529168379116,395.4528910618968,399.453119038658,403.4531745403203,407.45342148093937,411.45329877897467,415.45323378690466,419.45313914122346,423.4530994098795,427.45259237052693,431.45267527005853
1.016182e-07 1.016182e-07 1.836856e-01 0.00 0.45531269806747615 -0.0397827163256654 0.15804679013016237 0.5685854510178205 335.43487803203055,339.4335763501186,343.4328974061203,347.4319427681924,351.4316641921891,355.43084300461453,359.43061197355723,363.43016594789157,367.43000335460016,371.42966408801124,375.4295454274143,379.42922889627226,383.4294453680555,387.4291088732199,391.42911572228655,395.4287647757656,399.4288540856322,403.42834303933967,407.42830033340897,411.42785303980645,415.4276940166834,419.4271180158887,423.4266785459745,427.42608710007414,431.4260928842493
7.915223e-08 7.915223e-08 1.873462e-01 0.00 0.45531269806747615 -0.0397827163256654 0.15804679013016237 0.5676668195908428 335.43827501650816,339.4371376612854,343.4366239858948,347.4357008630047,351.43532373584816,355.43458848563415,359.4344753914835,363.4339783643568,367.43388842795144,371.43367815026943,375.43364467191356,379.43338017390056,383.43339474282726,387.4331659754895,391.43320859519037,395.43294494641185,399.4331059233979,403.4328465321944,407.4326845182839,411.43231300125973,415.43220453931383,419.4316547156307,423.43127478095107,427.43065471231927,431.43081139270146
1.969161e-07 1.969161e-07 2.343777e-01 0.00 0.45531269806747615 -0.0397827163256654 0.15804679013016237 0.5580445329473369 335.48043465030617,339.4799043141565,343.4798867948993,347.479556230439,351.4798687009388,355.4797664522127,359.4801617022733,363.48028357845106,367.4808306613091,371.48110668944275,375.48177112941676,379.48209152632313,383.4828741701225,387.4832324303971,391.48390092451973,395.4845017778091,399.48502137572615,403.4853919897951,407.4860397587519,411.48628815742416,415.48680704616805,419.48709390201583,423.48738957783996,427.48751074457334
4.382022e-08 4.382022e-08 2.151881e-01 0.00 0.45531269806747615 -0.0397827163256654 0.15804679013016237 0.561943076770476 335.4638095604233,339.4628302169673,343.46264483359994,347.46207731224695,351.462056542843,355.46170073815574,359.46199989211965,363.46191494622013,367.4621834069929,371.46221603287046,375.462634209741,379.46271228482715,383.4631960046384,387.4633649072132,391.4637741824611,395.4640129939392,399.4643391407115,403.4645397232167,407.46490079712777,411.46490507969287,415.46510144901356,419.4649369346508,423.46513333526207,427.46492258548386,431.46507535927276
7.403334e-08 7.403334e-08 1.876836e-01 0.00 0.45531269806747615 -0.0397827163256654 0.15804679013016237 0.5679142055692968 335.4386681239634,339.43738307206064,343.4368679377656,347.4360487667446,351.435676138068,355.43498182062876,359.4348476256269,363.43423178336417,367.4341955171181,371.43393317775764,375.4340345275914,379.43372422111827,383.4338047481765,387.4335099673361,391.4336228582334,395.43342985786643,399.43346696860374,403.4331603492629,407.43310312598356,411.4327270309366,415.4325202162926,419.432163303659,423.431753901683,427.4311510639486,431.43119329991686
2.700019e-08 2.700019e-08 2.095308e-01 0.00 0.45531269806747615 -0.0397827163256654 0.15804679013016237 0.5629320346452729 335.4586741920619,339.45787456868936,343.4574321099111,347.45676815395444,351.45685790216737,355.4565442484021,359.4564889351451,363.4563434380544,367.45666177930826,371.45661797958485,375.4569303518133,379.45692609411236,383.45736482484654,387.4574168770346,391.45781635961816,395.45786349633136,399.45821120519054,403.4580982136217,407.4584624803357,411.4584631492902,415.4586167299896,419.4584198339307,423.4584386067788,427.4580429439292,431.4582671543355
2.299730e-08 2.299730e-08 2.065268e-01 0.00 0.45531269806747615 -0.0397827163256654 0.15804679013016237 0.5634650790565847 335.4559418857247,339.4550771777859,343.4547867989471,347.4541359133602,351.4539003076516,355.45351311338607,359.45354219115615,363.45331467716926,367.45349944737603,371.4535101021,375.45380946431203,379.4538389527104,383.4541075993428,387.4542484430716,391.4544689435012,395.45454999888733,399.45490561671636,403.45480777890833,407.4550614052157,411.45500490401747,415.4550582488244,419.45492946346553,423.45493330781636,427.45469596211956,431.45455099759465
2.622916e-08 2.622916e-08 2.051925e-01 0.00 0.45531269806747615 -0.0397827163256654 0.15804679013016237 0.5638009323630184 335.4547983825476,339.4538380241217,343.4534866231745,347.4528333451005,351.4527839411881,355.45217427938894,359.4523340084491,363.45208136896264,367.4522348263287,371.45219240777453,375.45241168015843,379.45243906175546,383.4528572727732,387.4528669746875,391.4530958077033,395.4529821577787,399.4533438235845,403.4533023650854,407.4535287197915,411.4534777752908,415.4536096563998,419.45340414643204,423.4532709999624,427.452763089683,431.45297101518514
2.551410e-08 2.551410e-08 2.029341e-01 0.00 0.45531269806747615 -0.0397827163256654 0.15804679013016237 0.5644176831375571 335.45279441993864,339.4518207827278,343.45136380668674,347.45064159715025,351.450569151697,355.4501759097433,359.4500692425506,363.4498305621808,367.45009041383116,371.4497860026319,375.4500761181035,379.44991764030067,383.45031458246154,387.45026279462087,391.45060364409227,395.4506690802227,399.4509022388721,403.45081528538714,407.4509389134769,411.4508567704277,415.4510323949463,419.45063434914863,423.45053629363633,427.4500824216738,431.45025712621356
4.138357e-08 4.138357e-08 1.979015e-01 0.00 0.45531269806747615 -0.0397827163256654 0.15804679013016237 0.5655829940931546 335.44808186982067,339.4469792928358,343.4465004468332,347.44579915613406,351.4455092575229,355.44499388104157,359.44488614955475,363.44466735990295,367.4446479876831,371.44447581202394,375.44477145885395,379.44447692982556,383.44480501645893,387.4446325281434,391.4449796630914,395.4448446759092,399.4448190306201,403.44480772427954,407.444993973287,411.4447667814544,415.4447432000815,419.44442041708095,423.4441558762735,427.44361010145815,431.44368993130547
3.814799e-08 3.814799e-08 1.964005e-01 0.00 0.45531269806747615 -0.0397827163256654 0.15804679013016237 0.565749597152996 335.4467713388562,339.4456939154974,343.4452843240756,347.44448150299377,351.44425828070933,355.44366517003124,359.4436572270997,363.4432205374428,367.44334373257317,371.44301805013555,375.4432702193622,379.44307516885686,383.4433528453824,387.4432353365778,391.44337763319976,395.44328246315416,399.4436117664215,403.44324925517793,407.4434392520586,411.44315111758857,415.44322750888546,419.44281812908474,423.44265981694264,427.4419793940028,431.4421378770557
2.368441e-08 2.368441e-08 2.041042e-01 0.00 0.45531269806747615 -0.0397827163256654 0.15804679013016237 0.5640260092735979 335.4537845890502,339.45289442692524,343.45250654079547,347.45169812621685,351.45173368837663,355.45127855970964,359.4513547010296,363.45104534551024,367.4511924183378,371.45104667907043,375.45135216193813,379.4512587301001,383.45157701750924,387.45155945349484,391.45189977265284,395.45186053882406,399.45229539760066,403.4521029918798,407.45234475899804,411.45215116126263,415.4522933114807,419.45202518691383,423.4519407663145,427.4515066142078,431.4515284559868
2.425875e-08 2.425875e-08 2.009490e-01 0.00 0.45531269806747615 -0.0397827163256654 0.15804679013016237 0.564772596232934 335.45100064531294,339.44988701858114,343.4495160315595,347.44868621689545,351.4487218620508,355.44822785203667,359.4481422767755,363.447867661145,367.4479636225032,371.4477952761714,375.44796779488655,379.4480364993367,383.44827794494233,387.448186575236,391.4484102327693,395.4484214655923,399.44860206609053,403.448614695139,407.44871963197573,411.4485228681983,415.4485097303612,419.44821787014035,423.44814691700714,427.44774082051714,431.4476581986368
2.857325e-08 2.857325e-08 2.004949e-01 0.00 0.45531269806747615 -0.0397827163256654 0.15804679013016237 0.5648423679280443 335.45053399333347,339.4494121944858,343.4490824440731,347.4484138799122,351.44819870929604,355.44770207613396,359.44777060141615,363.44732286634235,367.44742530114024,371.4472700436846,375.4475590022241,379.44751693195525,383.4477251729275,387.44775837725706,391.44798586897434,395.44787300438713,399.4480954571592,403.448053677351,407.4482685728489,411.4480125507699,415.448004329211,419.4477528699903,423.4475890943882,427.4470098153676,431.44727211520046
2.453683e-08 2.453683e-08 2.069844e-01 0.00 0.45531269806747615 -0.0397827163256654 0.15804679013016237 0.5635636477522507 335.45637537836365,339.4554693654638,343.4551123761432,347.45444770940907,351.45434907683676,355.45399410542586,359.4540917608282,363.4538335388746,367.45415569608986,371.4539916306775,375.45431373921076,379.454243735563,383.45462399853136,387.4546403236956,391.45501164682037,395.45496232584384,399.4553950144467,403.4554084314661,407.45559422018147,411.4555119460691,415.45574661341846,419.4554714662116,423.45540211902573,427.4549969982625,431.4552376907059
5.150605e-08 5.150605e-08 1.923044e-01 0.00 0.45531269806747615 -0.0397827163256654 0.15804679013016237 0.5666168096213067 335.442899734102,339.4417677534472,343.44131650288034,347.4405083462988,351.4401881816653,355.4395453738065,359.4394640489025,363.4390967019648,367.43906700089116,371.4389026255871,375.4388882451241,379.43861719372075,383.43877691019674,387.4387610811434,391.4388211427853,395.43860119041824,399.43874818680655,403.43857709576423,407.4386655761442,411.4383475850654,415.4382382009058,419.43788000436734,423.4376381351168,427.4369644167807,431.436996753919
2.828290e-08 2.828290e-08 2.084378e-01 0.00 0.45531269806747615 -0.0397827163256654 0.15804679013016237 0.5630846108295907 335.4577518601386,339.45688318969286,343.4564547720545,347.4558229683033,351.4557318158396,355.4554162130801,359.4554683414939,363.4551462611495,367.4555664983181,371.4554268133649,375.45575898746375,379.4557765759469,383.45618309837755,387.4563716493305,391.4565928595329,395.45659352376344,399.4570255864127,403.4569888892141,407.457347090193,411.45720770397736,415.4572889738108,419.45712064535724,423.457218184195,427.4567440163569,431.45688012903827
2.695526e-08 2.695526e-08 1.995173e-01 0.00 0.45531269806747615 -0.0397827163256654 0.15804679013016237 0.5651784434127922 335.44963825864244,339.4486705463718,343.4481160995039,347.44742709724534,351.4473585137143,355.44672691093,359.446801201398,363.44635449921964,367.4465642044866,371.44641665371165,375.44646385123326,379.4464023495702,383.4467401011065,387.4466397015446,391.44693070667734,395.4467669749759,399.4471108329393,403.4469030424835,407.4469990238415,411.44690101544984,415.44683258420577,419.44647202478353,423.44639997846076,427.44588022733836,431.4460222819354
1.989494e-08 1.989494e-08 2.041954e-01 0.00 0.45531269806747615 -0.0397827163256654 0.15804679013016237 0.5642202636019178 335.45389411663285,339.45286604913133,343.45245926417016,347.45185368061976,351.4517236656611,355.451250005167,359.4513636141993,363.45114506756283,367.45122763618554,371.4511654139546,375.45136156000444,379.4513404675781,383.45164924033014,387.45165625068904,391.45194956639267,395.45196497479685,399.45229505924465,403.4522176543061,407.4523777101035,411.45242233165965,415.4524255131152,419.45211278782,423.45212971822707,427.451606606386,431.45173584858674
2.695387e-08 2.695387e-08 2.084150e-01 0.00 0.45531269806747615 -0.0397827163256654 0.15804679013016237 0.5632412036773385 335.4578192146595,339.4567770457903,343.4565258521932,347.4558330753149,351.4557685998034,355.45528209734937,359.4555133681046,363.45520954903424,367.45555273487446,371.4554285688715,375.455709367915,379.4557845840793,383.45615457194333,387.45625636678835,391.4566599536024,395.45660887457615,399.45700239463537,403.45693541922674,407.4572216180764,411.4571220007783,415.45741467766743,419.4570879706293,423.4571120383028,427.4567187761689,431.4568291934078
3.511765e-08 3.511765e-08 2.126214e-01 0.00 0.45531269806747615 -0.0397827163256654 0.15804679013016237 0.562390111479105 335.461346655172,339.46057758020913,343.46034698529576,347.4596541940379,351.459678743073,355.45952151510846,359.45963665225923,363.45935619966576,367.4596104950454,371.4597189008809,375.460067621079,379.4601301833985,383.4605913094125,387.460626630678,391.46101759301416,395.4612080593663,399.4615557795194,403.4616783620385,407.4619682461823,411.46203390227714,415.4622093964952,419.4619628851513,423.46201456166216,427.46190628118285,431.4618653523873
4.661520e-08 4.661520e-08 1.934901e-01 0.00 0.45531269806747615 -0.0397827163256654 0.15804679013016237 0.5665904669440428 335.44401243752367,339.44297999987566,343.4424522750854,347.4416095996238,351.4413282203428,355.4407452627246,359.4407146506984,363.4402535534878,367.4403435421655,371.4400627226024,375.44013910584164,379.4400226998926,383.44021529832963,387.439992634717,391.4402440963272,395.4399658139148,399.4401807988678,403.4399276776457,407.44004039799233,411.4398691070293,415.43960115854276,419.4392764941165,423.4389504765602,427.43842555046626,431.43848956201447
3.691201e-08 3.691201e-08 1.950151e-01 0.00 0.45531269806747615 -0.0397827163256654 0.15804679013016237 0.5660245173981788 335.4454851069535,339.44436878811007,343.4438839038947,347.4430393045305,351.4429194720775,355.4422780841566,359.44222561422566,363.44186958187686,367.4419730354328,371.4417451042401,375.44181074202044,379.44155728510145,383.4418768688347,387.44167747921443,391.44187461269956,395.44169924245136,399.44190747055376,403.4417660327262,407.4417365116737,411.441574532753,415.4414764442037,419.4410555141988,423.44095141139377,427.4403633044266,431.4403975771956
2.071127e-08 2.071127e-08 2.042260e-01 0.00 0.45531269806747615 -0.0397827163256654 0.15804679013016237 0.5642839506498966 335.4538673671721,339.4528144186791,343.4525382469678,347.45195039603897,351.4518094552436,355.4512343035323,359.45142004822645,363.4511200404932,367.4513114106266,371.45120661534924,375.4514478518816,379.4514161273493,383.45173558110923,387.4517227207323,391.45194689281084,395.45200665287217,399.4523783968436,403.4522147989007,407.452480737351,411.45229523466014,415.45245046680475,419.4521282324054,423.45215897647597,427.45172579973274,431.4517838254568
2.730173e-08 2.730173e-08 2.023878e-01 0.00 0.45531269806747615 -0.0397827163256654 0.15804679013016237 0.564485745119577 335.4522927633203,339.4512260429476,343.4508929788894,347.4502241327831,351.4500484050875,355.4495604190441,359.4497086112934,363.4492387901648,367.44944861706693,371.4492942409546,375.4496075482031,379.4494854759426,383.44971814556465,387.4496987865737,391.4500570929456,395.4499342828475,399.4503021744069,403.4502561235066,407.4504238455323,411.45016183615735,415.45033498824193,419.44997277109087,423.4498160523447,427.44934209667207,431.449463526343
2.618310e-08 2.618310e-08 2.058887e-01 0.00 0.45531269806747615 -0.0397827163256654 0.15804679013016237 0.5637240764715205 335.45550651259,339.4545105589779,343.45414553150937,347.453535010086,351.4533763431005,355.4528891242486,359.45304718609873,363.45278506454696,367.45298509122637,371.4528419214477,375.4532096129091,379.45310529325553,383.4535779287878,387.45348583869526,391.453832845633,395.4538088713196,399.45421191120573,403.45417014885624,407.4543871432555,411.4543196404746,415.45437469975514,419.45413484853384,423.45409481822907,427.4536032488779,431.45370984478063
3.612766e-08 3.612766e-08 1.992110e-01 0.00 0.45531269806747615 -0.0397827163256654 0.15804679013016237 0.5650617541216122 335.4493082557788,339.448161856868,343.44784080897165,347.4470697917378,351.4469492940424,355.4463420531935,359.446393005836,363.44612504730327,367.4461836031465,371.44592140436487,375.4461412149893,379.4460130334587,383.4464136986841,387.4462110016923,391.4465399205525,395.44648856566243,399.4466750233864,403.44654388045217,407.44667137373614,411.44646834314483,415.4462900553044,419.4461305887364,423.445936875616,427.44563974569746,431.4454197036081
4.185882e-08 4.185882e-08 2.103469e-01 0.00 0.45531269806747615 -0.0397827163256654 0.15804679013016237 0.562550333237258 335.46031268840375,339.45947925147414,343.4591526465406,347.45859568297567,351.4585451836189,355.4581393689022,359.45828545998893,363.45815323779254,367.45842771164695,371.4582565765151,375.458786005703,379.4588449171808,383.4593083849995,387.4592495440101,391.45973717232914,395.4598189328192,399.46019352053264,403.4602383739149,407.46059039994634,411.46055691486697,415.46060998969216,419.46061637012457,423.46059537720583,427.4602556344737,431.4602645290523
2.435845e-08 2.435845e-08 2.066708e-01 0.00 0.45531269806747615 -0.0397827163256654 0.15804679013016237 0.56345596429 335.45615047254313,339.4552077322359,343.4549539007514,347.45418414369533,351.45421134665514,355.4536117142956,359.4537948395951,363.45362180543873,367.4537801497938,371.45369358406174,375.4539643471074,379.4539465353739,383.4543004887586,387.4543226088234,391.45467849052363,395.45474649571526,399.4550231212907,403.454978223202,407.4552439033907,411.4551625157682,415.45528540064487,419.4551329960533,423.45499949645364,427.4546671662363,431.45467443403754
2.284668e-08 2.284668e-08 2.039453e-01 0.00 0.45531269806747615 -0.0397827163256654 0.15804679013016237 0.5642651470333424 335.45355975983983,339.4525752644937,343.45219386370906,347.4516767753693,351.45143239124576,355.45098754314694,359.451020434048,363.45086534447006,367.45104152331345,371.4508767573095,375.451208594758,379.4511382494543,383.45137776934007,387.4513607381307,391.4516989974735,395.4517268776257,399.4520775629439,403.4519799766342,407.4521650120778,411.45207232371445,415.4521049020732,419.4518507553367,423.45166189549695,427.4513674464171,431.45145813453644
2.285963e-08 2.285963e-08 2.029751e-01 0.00 0.45531269806747615 -0.0397827163256654 0.15804679013016237 0.5642473502449654 335.45283891753775,339.4518128145698,343.45149242194157,347.4507201383769,351.45059655099556,355.4500992570504,359.4501153297245,363.44997308231166,367.4500377542409,371.4499589341199,375.45014114516505,379.45007902158665,383.45028474314137,387.4504210043381,391.45066715755723,395.45075371173357,399.45082868299,403.4508330936599,407.4510098804843,411.45080714418515,415.4510387867332,419.4506599827186,423.4505961046087,427.4502062342182,431.45020940258775
4.266178e-08 4.266178e-08 2.145710e-01 0.00 0.45531269806747615 -0.0397827163256654 0.15804679013016237 0.561939440419506 335.4630859673582,339.46223965371325,343.4620539837292,347.4614760968573,351.46153001791555,355.46119516198627,359.4614198303833,363.4611980884496,367.46165236809236,371.4615360146916,375.4620172341309,379.462175948771,383.46257482067995,387.46269920952625,391.46319031673715,395.46327263204415,399.463724587623,403.46385237292066,407.4641789830345,411.4640734739607,415.4644098859489,419.46437820217096,423.46438700866815,427.46424745263084,431.4640947820664
2.123000e-08 2.123000e-08 2.041084e-01 0.00 0.45531269806747615 -0.0397827163256654 0.15804679013016237 0.5641065640971575 335.4537330591034,339.4528011638589,343.45245488141916,347.4517745604646,351.45173464150855,355.4511504716424,359.45133347122766,363.4510089987753,367.45111521410644,371.4510931787876,375.4512079478512,379.45129510046024,383.4515319774411,387.4515907346179,391.4518461621047,395.45199233180955,399.45222045593044,403.4521147496848,407.45229707326484,411.4521845256913,415.4523264839546,419.4520163174291,423.4519435742559,427.45163837550126,431.4516753319788
2.342208e-08 2.342208e-08 2.031941e-01 0.00 0.45531269806747615 -0.0397827163256654 0.15804679013016237 0.5642314255231998 335.4529724673539,339.45198529549447,343.4516577955135,347.4509953287223,351.4507757984899,355.45032986046186,359.4503616050602,363.45008718510473,367.45027071137685,371.45008812847516,375.4503948985966,379.45039324557274,383.45062710243695,387.4505419390429,391.4508921235497,395.4509194545037,399.45118472354847,403.4511005642454,407.45134180438936,411.4511074933165,415.45115722742906,419.45093404655194,423.4508916280249,427.45043774475823,431.45044691809255
2.390546e-08 2.390546e-08 2.035974e-01 0.00 0.45531269806747615 -0.0397827163256654 0.15804679013016237 0.5642935211104773 335.45330959463945,339.4523232789546,343.4520325900095,347.4512907053918,351.45110372671576,355.45069014075114,359.4508752338012,363.450469730326,367.4506697496908,371.4503969855989,375.45099645301815,379.45068265767077,383.4509977239241,387.45103898743344,391.4512774601215,395.4513631464291,399.45167692342466,403.4514553264781,407.45173191882463,411.4516445153583,415.45163976112025,419.45149380020894,423.4513711027042,427.4509524898245,431.4510318673351
2.948440e-08 2.948440e-08 1.988498e-01 0.00 0.45531269806747615 -0.0397827163256654 0.15804679013016237 0.565378743698878 335.448939425136,339.4479620634785,343.4474677274781,347.4466882291067,351.4465480290223,355.44614913357833,359.4459559411443,363.44573139638044,367.44588625329226,371.445654373749,375.4458489894449,379.44574182821356,383.446009508883,387.4458925549505,391.4462063939607,395.4459810339402,399.4462736734251,403.4462357881868,407.4463440910982,411.44599886134426,415.44612426378,419.445749062035,423.44547780516365,427.44508891719465,431.44520259715915
3.000025e-08 3.000025e-08 2.101557e-01 0.00 0.45531269806747615 -0.0397827163256654 0.15804679013016237 0.5626992356556288 335.4592732762212,339.4582928947238,343.4580657376973,347.45746631848596,351.4574069459708,355.456966523408,359.45724176441564,363.4569331236571,367.45724470822364,371.4572128358276,375.45743988599423,379.45757024826685,383.45786892743126,387.45803931999507,391.458552937232,395.4584875874654,399.45894579776206,403.45896335139827,407.45916684932126,411.45918703076495,415.45932828823186,419.45919933516143,423.45915421883734,427.45886862347464,431.45896708690543
3.109961e-08 3.109961e-08 2.023694e-01 0.00 0.45531269806747615 -0.0397827163256654 0.15804679013016237 0.5644911563728066 335.45222459893796,339.45131822425844,343.45091813591944,347.45012433811866,351.45001332724394,355.44958617666845,359.44960258192805,363.4492420579216,367.44953461978315,371.4492908092829,375.4494190390393,379.4494600066558,383.44974746913664,387.4496791940901,391.4499685990833,395.4500447240637,399.4502888547799,403.4501964854033,407.4503829342721,411.4501986390592,415.4502813478863,419.450033247592,423.4497871574582,427.4492120990755,431.4495074012044
4.130519e-08 4.130519e-08 1.948240e-01 0.00 0.45531269806747615 -0.0397827163256654 0.15804679013016237 0.5661102816783485 335.44537253739117,339.44427523274317,343.44369346132873,347.4428937521519,351.44264057797665,355.4421236953977,359.4420357708293,363.44166341256647,367.44172790541245,371.44135373517196,375.44153061129254,379.44142692257,383.4416996747424,387.4415721769071,391.4416879619658,395.44146834441017,399.4417337891316,403.4414812913098,407.4416395762118,411.44136859858077,415.44125318888723,419.4408437345923,423.4406150140758,427.4401636332029,431.4400532056086
4.562331e-08 4.562331e-08 2.146458e-01 0.00 0.45531269806747615 -0.0397827163256654 0.15804679013016237 0.5619914933425341 335.4632238462886,339.4624308307002,343.46217132311756,347.46171821534654,351.4616084503256,355.46126904482907,359.46154553860066,363.46130674145326,367.46168371941354,371.46167368601783,375.4620596798265,379.46206016101445,383.46265745726305,387.46275437392785,391.4632846367819,395.46340309729294,399.463780477842,403.46393511128133,407.4642199790016,411.46423059652034,415.4645444706328,419.4644639763395,423.4645682039563,427.4641687903621,431.4642461211436
2.758503e-08 2.758503e-08 2.041428e-01 0.00 0.45531269806747615 -0.0397827163256654 0.15804679013016237 0.5640598034156868 335.45416969888714,339.45319592906276,343.4526627679827,347.4520999184135,351.4521131012587,355.4516732461818,359.4515844608199,363.45142693631266,367.4515231955646,371.45130763704435,375.45173055051487,379.45167413958086,383.45196578817416,387.45193884130884,391.45225692129986,395.4522732393464,399.4526266065433,403.45257669914633,407.45263822952353,411.45264496663737,415.4526937559742,419.4525059501329,423.4523836454993,427.4519621986836,431.452007471917
2.749729e-08 2.749729e-08 2.089090e-01 0.00 0.45531269806747615 -0.0397827163256654 0.15804679013016237 0.5630141215192837 335.4582259985342,339.45720924037107,343.45690968520495,347.45630047056954,351.4562265284622,355.4558880358702,359.45595538683295,363.45580158271866,367.4559277553286,371.45591051433894,375.45619385711007,379.4562179810634,383.4566354480402,387.4566900846753,391.45712462290845,395.4572578401379,399.4576044119234,403.4574767882924,407.45779153260906,411.4577021755199,415.4579210957464,419.45772302763123,423.45770753895187,427.45737078954073,431.4574615268988
2.559585e-08 2.559585e-08 1.999971e-01 0.00 0.45531269806747615 -0.0397827163256654 0.15804679013016237 0.5649459073754154 335.4500803145862,339.4489985219188,343.4487183713629,347.44794226452456,351.447700936127,355.4470980396794,359.4471651181059,363.4467854591296,367.44710315180487,371.44675782762664,375.4471053097562,379.4468733548094,383.4472041343042,387.44714021843237,391.4474689412177,395.4472981664115,399.44761047791195,403.4474406803313,407.44756645742984,411.447449107372,415.4474550047306,419.4470819945398,423.44702095552304,427.4465810773701,431.4465836237201
2.495133e-08 2.495133e-08 2.057258e-01 0.00 0.45531269806747615 -0.0397827163256654 0.15804679013016237 0.5639453452585172 335.4552676548103,339.45436133420196,343.4540637694778,347.4531501379336,351.4531651001374,355.45274626270367,359.45282549029923,363.4526115604154,367.4528002204268,371.4526402121337,375.4529367844257,379.45292353422394,383.4533271741318,387.4533312510009,391.4537301732235,395.4537326067796,399.4540371933663,403.4539979091872,407.4541310187249,411.45399303348665,415.45421922594244,419.4540184214998,423.4538920679727,427.45353917983,431.4535757663694
2.403444e-08 2.403444e-08 2.072473e-01 0.00 0.45531269806747615 -0.0397827163256654 0.15804679013016237 0.563500961012477 335.4566672159375,339.45571882726335,343.4554045758919,347.45471762041535,351.4546560088281,355.4542931466691,359.45426489212826,363.45401376385854,367.45440289398715,371.45422073270703,375.4546185863309,379.4545510194402,383.4549710075033,387.45494782715343,391.45534166482156,395.4554180450163,399.45570175151903,403.4557668818268,407.4559755132776,411.4557748603562,415.45586804032826,419.45567130219615,423.45567820208544,427.45535960496295,431.45541643400446
2.609266e-08 2.609266e-08 2.039413e-01 0.00 0.45531269806747615 -0.0397827163256654 0.15804679013016237 0.5643258995524746 335.45365526778045,339.4526310874282,343.452276252265,347.45160640253476,351.4514199448692,355.4510430665856,359.45112779960164,363.45075796360885,367.45105305750144,371.45097141472337,375.4511569890675,379.4510610069181,383.4513793993792,387.4512770369107,391.4518386123203,395.4516987531272,399.4520197996754,403.4520332181922,407.4521526561571,411.4519897481332,415.45209219961805,419.45185677232007,423.45184238746367,427.4512053096861,431.45146457600475
2.664531e-08 2.664531e-08 2.023222e-01 0.00 0.45531269806747615 -0.0397827163256654 0.15804679013016237 0.5647016947315521 335.4521158143436,339.4511856009903,343.45075078793633,347.4499678263382,351.4499696217832,355.4494511828612,359.4495293354907,363.4491045676957,367.44939476295815,371.4491953357373,375.4495071839814,379.4493746434025,383.4496695452201,387.4494615159096,391.4499947370939,395.44981437428646,399.45021004246945,403.45006853085124,407.4502602771548,411.4501485777185,415.45019458854216,419.45020511028633,423.44975912614984,427.4494593265213,431.44946340334207
3.418465e-08 3.418465e-08 1.976813e-01 0.00 0.45531269806747615 -0.0397827163256654 0.15804679013016237 0.5654205908587255 335.4479287976699,339.44690128547785,343.44646838494504,347.4457102291084,351.44540944986903,355.44489247446404,359.44497292166704,363.4444613073569,367.44455683945466,371.4444824514415,375.44452255692715,379.4444636560454,383.44461988251203,387.44461257642996,391.44483788263364,395.44480904481037,399.4449543746564,403.44475361229723,407.4448824783306,411.4448035782766,415.44472841568904,419.4444346427683,423.44414136161623,427.44371166385577,431.4436650562224
2.574016e-08 2.574016e-08 2.046922e-01 0.00 0.45531269806747615 -0.0397827163256654 0.15804679013016237 0.5640259618391061 335.4543788893092,339.4533514560987,343.45300073810637,347.4523814186959,351.4523231757749,355.4518797704385,359.45186778203583,363.45145758450013,367.4517658106537,371.45169369379715,375.4520017571503,379.451972288525,383.45214992107736,387.4521326530564,391.45268018800874,395.4526104829204,399.45280107470427,403.4526713040121,407.45298878764436,411.45284720651114,415.4529779236396,419.452778069035,423.4526555649381,427.4522133797435,431.45230503057456
2.827627e-08 2.827627e-08 2.080337e-01 0.00 0.45531269806747615 -0.0397827163256654 0.15804679013016237 0.5632716628081653 335.4573363601506,339.4564006846364,343.4561996478972,347.45556437846477,351.4554795301952,355.45501866048943,359.45510882306155,363.4549113367355,367.45514917351824,371.4550310241976,375.45541213634135,379.4553040113831,383.4557409108952,387.4557539214098,391.45609896272197,395.4563652215342,399.4565913450929,403.45657952550164,407.456830408964,411.4567362330786,415.45686939886207,419.45655587321943,423.4567312143397,427.4562335491766,431.45626847048055
3.909957e-08 3.909957e-08 1.953768e-01 0.00 0.45531269806747615 -0.0397827163256654 0.15804679013016237 0.5660478364397636 335.4458857817444,339.44469704918134,343.444254678017,347.443568154191,351.44325788848676,355.44256675142293,359.44256658777556,363.4421599949395,367.4423445904843,371.44205326931626,375.442191615643,379.4420148647181,383.4422662570095,387.44202704888,391.4423059282578,395.44213818723495,399.442280997575,403.44217672420325,407.4422569686911,411.44188978737986,415.4419362999436,419.44159187879836,423.4413928183485,427.4408192021354,431.44076815208416
3.360828e-08 3.360828e-08 2.115980e-01 0.00 0.45531269806747615 -0.0397827163256654 0.15804679013016237 0.5627084375247952 335.4605791792554,339.45954466392095,343.4593421519089,347.4586870578416,351.45875634542404,355.4584003540916,359.45856916163757,363.45833134471343,367.4585770253484,371.4586277846019,375.4590513689622,379.4590474548555,383.4594803715697,387.4595650231357,391.4599775982952,395.4601144892922,399.460456740343,403.4605516559617,407.4608901217933,411.46077664738766,415.4610212294218,419.4609258956268,423.4608573948321,427.4606133679549,431.4606340609595
5.289383e-08 5.289383e-08 2.168811e-01 0.00 0.45531269806747615 -0.0397827163256654 0.15804679013016237 0.5615318087862952 335.46526535709773,339.4644108465274,343.46416155816667,347.4636618838253,351.46368265941,355.4633313019794,359.4636148319752,363.4635588253062,367.4639045810133,371.46392025400286,375.46432465259386,379.464505746323,383.4648790031577,387.46501621140567,391.4655199187729,395.4657280730098,399.46626249341966,403.4663832300242,407.46673251571104,411.46674848392433,415.4670553439384,419.4670967643424,423.46713546038654,427.46689452284625,431.4670432196271
2.669335e-08 2.669335e-08 2.034356e-01 0.00 0.45531269806747615 -0.0397827163256654 0.15804679013016237 0.5642056420576322 335.4532143285564,339.4522295638676,343.45181476353935,347.45114121133474,351.45100018058014,355.4504780880732,359.45061186041727,363.4502975457922,367.4505487454929,371.4503030812652,375.45069155413694,379.45060536692864,383.4508278783907,387.4508797665192,391.45111642636317,395.45115737620586,399.45144409238134,403.4514167014795,407.45154963720023,411.4513961311007,415.45154487571284,419.45128544020406,423.45122425979906,427.45070986603605,431.45064005682775
2.268296e-08 2.268296e-08 2.022620e-01 0.00 0.45531269806747615 -0.0397827163256654 0.15804679013016237 0.5645027612331056 335.4522076245523,339.4511586180382,343.4507976929082,347.4500128901043,351.44997766872916,355.4494480436403,359.4493587723039,363.4492052330846,367.44928392430836,371.44915359408986,375.4493978856695,379.44932819272134,383.449537675403,387.44959011719845,391.44991154068066,395.4499076019245,399.4501451236484,403.45001078437343,407.4502306389697,411.449949519834,415.4501896502481,419.4498320984746,423.44969800707355,427.4493917853339,431.449376450013
2.777835e-08 2.777835e-08 2.064278e-01 0.00 0.45531269806747615 -0.0397827163256654 0.15804679013016237 0.563653521789856 335.45595603609286,339.4550090824629,343.4546308019694,347.4539697267539,351.4539019435616,355.4534280254693,359.45353490899777,363.45336592398667,367.4534592370953,371.45342008382795,375.45374006890734,379.45370100484786,383.45398724325696,387.45413654691896,391.45440115961804,395.45448409277446,399.4547849376623,403.45477860096696,407.4550302446153,411.45491723708386,415.4550710009327,419.4547816851196,423.454725560722,427.4542200092025,431.45438089170625
2.527914e-08 2.527914e-08 2.022247e-01 0.00 0.45531269806747615 -0.0397827163256654 0.15804679013016237 0.5647095768348432 335.45213392451706,339.4510613977348,343.4506379678492,347.44992038950306,351.44983844112227,355.4494311063095,359.4493474810977,363.4491272303914,367.44923126094284,371.4490822568477,375.44947225036395,379.44930893470627,383.44956313126306,387.4494920642884,391.44986564846596,395.44976448550585,399.4501280777886,403.44999082956883,407.45013717960614,411.4499702279984,415.4501725563429,419.44983717055936,423.44974913956287,427.4492315382871,431.4492811678697
2.974388e-08 2.974388e-08 1.985200e-01 0.00 0.45531269806747615 -0.0397827163256654 0.15804679013016237 0.5652566601047093 335.44872109348245,339.4476789963489,343.44729458177045,347.44645192068555,351.4463157700264,355.4457841661018,359.4457797749372,363.44541982174036,367.4454870431223,371.4452516118839,375.44553183646354,379.4453288045059,383.4456554922124,387.44555594824016,391.4457787189408,395.44569824338055,399.44594449906714,403.4458027996536,407.4459115051788,411.44558691144874,415.44568002761423,419.44538394466974,423.44513284154914,427.44467323141504,431.4447713368369
2.846413e-08 2.846413e-08 2.081613e-01 0.00 0.45531269806747615 -0.0397827163256654 0.15804679013016237 0.5632688346281207 335.4574841870263,339.4564983625266,343.4562113993411,347.4556282933761,351.4554856869161,355.45521181674354,359.4552389089475,363.4550359566146,367.4553237999174,371.455263152829,375.4554716233278,379.455375642095,383.4558300313505,387.45592360810366,391.4563146129828,395.456335771037,399.4566083969738,403.45655640439975,407.4569539336368,411.45702121935824,415.45701869143693,419.45683932507274,423.4569227012134,427.45643008581175,431.4565375569393
4.711590e-08 4.711590e-08 1.926953e-01 0.00 0.45531269806747615 -0.0397827163256654 0.15804679013016237 0.5665595742613184 335.44338219938464,339.4421578913038,343.4417514676205,347.4408668679751,351.44061872207106,355.43998251536215,359.43995692194534,363.4394765198168,367.4394777024137,371.4392982882632,375.43937874350064,379.4391551887756,383.43934685464893,387.43916711649786,391.43930071655404,395.43909493549654,399.4393199302984,403.43909516075166,407.4390765236572,411.4386854193315,415.43860482747857,419.43825499903653,423.4379790589112,427.43747897925914,431.43744273240765
3.295816e-08 3.295816e-08 1.965419e-01 0.00 0.45531269806747615 -0.0397827163256654 0.15804679013016237 0.5658507534097891 335.44679150522296,339.44578869582847,343.44527238462723,347.4444747794512,351.4443382436419,355.4437222087042,359.44380012789776,363.4434185850126,367.4434881968418,371.4432322285712,375.44348808524285,379.4432828763034,383.443432386139,387.4433587601349,391.44353569250336,395.4435499469929,399.44363616621814,403.44356214155925,407.443605702679,411.4432460229826,415.443341248883,419.4429665886679,423.44278749012454,427.44229949685933,431.4422321808546
2.695257e-08 2.695257e-08 2.012713e-01 0.00 0.45531269806747615 -0.0397827163256654 0.15804679013016237 0.5646104287579429 335.4511932287347,339.4501964282974,343.4497996657885,347.4491467223908,351.44899311628103,355.44842277132625,359.44846345061126,363.4481265886124,367.4483811661708,371.4482265680489,375.4483456979234,379.44830620039727,383.4485813269048,387.4485698832627,391.44878536062504,395.4488449499435,399.4489341420796,403.4489580785091,407.44913843005685,411.4489076749664,415.44903732861314,419.4485682816207,423.4483643955646,427.4480445085275,431.4481544087924
2.360881e-08 2.360881e-08 2.048586e-01 0.00 0.45531269806747615 -0.0397827163256654 0.15804679013016237 0.5640092869882984 335.45453873502134,339.45358955683383,343.4531588729751,347.45250486285016,351.4523410648715,355.451950138425,359.45200188672226,363.45170389476954,367.4520103323646,371.4519022676467,375.45213939756485,379.45210337464283,383.4524355775588,387.45236473115403,391.45277615338136,395.4526968728742,399.4530228895984,403.45295326469346,407.4531196948684,411.45309573165315,415.4531858192088,419.45294510123125,423.45284734698095,427.4524212206146,431.4524443625145
2.458956e-08 2.458956e-08 2.049868e-01 0.00 0.45531269806747615 -0.0397827163256654 0.15804679013016237 0.5638341794333137 335.4546452692774,339.45361911476124,343.4534038141427,347.4526134689275,351.452435441459,355.4521516750388,359.45208610831304,363.4519803111917,367.45206134848155,371.4518895024743,375.4522166465008,379.4521221855052,383.4524515829444,387.4526269185258,391.4529537691949,395.4528047331089,399.4531479075066,403.45313209390724,407.4533553234719,411.4532638222095,415.45330969486116,419.4530795155531,423.45298706237253,427.4526248154529,431.4526848890673
2.765537e-08 2.765537e-08 1.992757e-01 0.00 0.45531269806747615 -0.0397827163256654 0.15804679013016237 0.5650502859016335 335.44939407478364,339.44830942641926,343.4479101775437,347.4471958490253,351.4470998691784,355.44652711835244,359.44647383205927,363.44599746629564,367.44623686377133,371.4460524058507,375.44618578013615,379.44614835856845,383.44638655068474,387.4463325753581,391.44654187895696,395.4464586079048,399.44672507485916,403.4467499545838,407.4467975514393,411.44662944466154,415.44662681538654,419.4462817850413,423.44614160401943,427.4457084391596,431.44576420600316
3.090619e-08 3.090619e-08 2.093772e-01 0.00 0.45531269806747615 -0.0397827163256654 0.15804679013016237 0.5628858889115772 335.45861006438395,339.45776311415796,343.4574292771116,347.4567320613501,351.45676201660206,355.4562649104714,359.45649016448857,363.4561581357085,367.4564706122746,371.4564452383607,375.4568266729097,379.45681271615217,383.45711329826946,387.457203123165,391.4575972989844,395.4576195757188,399.45787829726225,403.4581383918308,407.45846446165416,411.45835533820576,415.45842111705707,419.4582238063656,423.4581651286333,427.45787623148647,431.45799053275044
2.361854e-08 2.361854e-08 2.034912e-01 0.00 0.45531269806747615 -0.0397827163256654 0.15804679013016237 0.564123585694693 335.45326562682226,339.4522721199435,343.4519214820392,347.4512357879669,351.4510811747665,355.45057752657004,359.4506756262259,363.45041300382627,367.4504783429177,371.4504486752027,375.45070237606217,379.4506508442989,383.4509039173462,387.4508984404609,391.4513075406811,395.4512951315911,399.45151957774544,403.4514007188219,407.45166842050656,411.4514362025657,415.4515181885915,419.45127621119593,423.4512754340917,427.45073913847233,431.4508698031543
2.087918e-08 2.087918e-08 2.045822e-01 0.00 0.45531269806747615 -0.0397827163256654 0.15804679013016237 0.5641381559509222 335.4542697064308,339.4532218887141,343.45289501225574,347.4523018488488,351.452095472871,355.451691011842,359.4517331702027,363.45147141705183,367.45164856501873,371.451509712774,375.4517728464104,379.4518292074808,383.45210588984514,387.45212044185865,391.45248725296995,395.45247288900003,399.4527169638597,403.45258870125747,407.4527370473214,411.45269927520263,415.45284277212687,419.4525723862291,423.45263804886906,427.45219169246093,431.4521913982438
3.494082e-08 3.494082e-08 2.124297e-01 0.00 0.45531269806747615 -0.0397827163256654 0.15804679013016237 0.5622490279069943 335.4612912739602,339.46028538030527,343.4602545723776,347.4595056090502,351.459626059883,355.4591921168116,359.4593295316164,363.45918984001224,367.4594985284225,371.45943698057937,375.4597836200238,379.45994339652685,383.46030766041565,387.4604814671461,391.4608831116971,395.4609432414507,399.46137750304854,403.4614040304546,407.46177878780776,411.46174764685776,415.461932284311,419.4619048883513,423.4618970243458,427.461591464121,431.4617554283441
2.958344e-08 2.958344e-08 1.974355e-01 0.00 0.45531269806747615 -0.0397827163256654 0.15804679013016237 0.5656055216543704 335.44764476316396,339.4466147450637,343.4462683051272,347.4454528708462,351.4452087370135,355.4447155628219,359.44462113705356,363.4443762807949,367.4444688401443,371.4442149419421,375.44441311543983,379.444229468527,383.444356157421,387.44440072866655,391.4445987829849,395.44449530351835,399.444644980183,403.4444798883754,407.4446814870843,411.44436811599417,415.444417633407,419.4439113056617,423.44385232620004,427.4433848400329,431.4434114990702
2.482715e-08 2.482715e-08 2.068606e-01 0.00 0.45531269806747615 -0.0397827163256654 0.15804679013016237 0.5634255362241899 335.45629242536677,339.45537889330575,343.4550128149662,347.4544683373589,351.45425045240046,355.4537960780874,359.45397948495355,363.45367288430407,367.4539816122211,371.45380820432024,375.45417400543624,379.4542421928102,383.4545195314037,387.4545508213249,391.45487372708124,395.4548311261601,399.45522855370035,403.4552444587716,407.45551062934,411.4554401440003,415.45551016420256,419.4552952655909,423.45521854321214,427.4549800923567,431.45485226706785
3.150924e-08 3.150924e-08 1.996784e-01 0.00 0.45531269806747615 -0.0397827163256654 0.15804679013016237 0.5649181994905128 335.44978957664614,339.4487442599831,343.44838839519224,347.44768361780393,351.4474563714122,355.44687752852326,359.44679781792894,363.4464954822137,367.44669070742026,371.44655706095693,375.4466937241727,379.4466254708544,383.4468929227802,387.4467511981576,391.44706439269663,395.4469749523499,399.44728678598193,403.44715528994436,407.44718877149427,411.44703737847414,415.44703171431746,419.44687290341307,423.4465159227211,427.44608412038025,431.4461312090462
