1.136563e-08 1.136563e-08 1.917854e-01 0.00 0.4444730086581741 -0.03940583926181416 0.16314446905406252 0.5615471381223595 339.4393262099299,343.43897175020516,347.4382454662563,351.43820119754685,355.4377202699399,359.43761125216554,363.43733968037645,367.4375221875152,371.437386017681,375.4376133722744,379.43756082256084,383.4378879733295,387.4378089818097,391.4381632346287,395.4380711894763,399.4381663197914,403.4381568188981,407.4382317435868,411.4381408583383,415.4380827827116,419.4380500310487,423.4379065400385,427.4373565622837,431.437203104185,435.4362221136388
1.210261e-08 1.210261e-08 1.934496e-01 0.00 0.4444730086581741 -0.03940583926181416 0.16809821028476882 0.5615471381223595 339.4409711074115,343.44063937280487,347.4399417317471,351.4399041934582,355.43945103086605,359.43935726647845,363.43911197609236,367.4393146473122,371.43918078423764,375.4394318990738,379.4393914587523,383.4397444858723,387.43969105684556,391.4400627753433,395.439991391903,399.44011141031234,403.44010195592637,407.440189908305,411.4401209049331,415.44007183927164,419.44004688625137,423.43992499761436,427.43939804327545,431.43925840357747,435.4382620462233
1.248653e-08 1.248653e-08 1.942047e-01 0.00 0.4444730086581741 -0.03940583926181416 0.17042681567181667 0.5615471381223595 339.4417191895624,343.44139766045805,347.44071584628324,351.4406850315654,355.440218938452,359.44014641115433,363.4399078831673,367.44012256930137,371.4399982955028,375.4402592803957,379.4402433619211,383.44058743274985,387.44053024517035,391.44091482799956,395.4408456001267,399.4409739060245,403.440989126873,407.44107494659585,411.4410090283835,415.4409801515745,419.44096582294753,423.44083782924514,427.44032488048776,431.44015029945325,435.4392021784838
1.123747e-08 1.123747e-08 1.901893e-01 0.00 0.4444730086581741 -0.03940583926181416 0.15863367838283646 0.5615471381223595 339.4377553187543,343.43737348467926,347.4366314737406,351.43655457480594,355.436051904338,359.43592120928594,363.4356312120881,367.43580347016825,371.43562681649655,375.4358585513781,379.4357894652083,383.43609436807435,387.43599175333424,391.4363284787914,395.4362146391275,399.4363174656301,403.4362835070345,407.43633786534417,411.4362542587428,415.4361677100121,419.4361259986362,423.43597838309427,427.43541171672615,431.4352340659692,435.43424124814067
1.169038e-08 1.169038e-08 1.923285e-01 0.00 0.4444730086581741 -0.03940583926181416 0.164739840760171 0.5615471381223595 339.43987321378967,343.4395123207946,347.43881576570004,351.43876280701744,355.43828271946313,359.4381822572797,363.4379178688925,367.4381158032226,371.43796710650713,375.43820269437845,379.4381683767319,383.43849361073154,387.4384112859987,391.4387844994958,395.43869299567615,399.4388065332461,403.4387911168286,407.4388755192358,411.4387943018745,415.43873477143813,419.4387017040517,423.43855920660565,427.43803677468674,431.43787382877565,435.4369005737809
1.126404e-08 1.126404e-08 1.910771e-01 0.00 0.4444730086581741 -0.03940583926181416 0.1611179723961106 0.5615471381223595 339.4386276954979,343.43826202961446,347.4375347407837,351.43746848148277,355.43697157098825,359.43685845465944,363.4365879326481,367.4367701949463,371.43660297693896,375.4368365321144,379.4367758901469,383.43709443580906,387.43700255487397,391.4373510290767,395.43724856818915,399.43734617740864,403.43733495844475,407.4373919318868,411.43730020681716,415.43723955565036,419.43718268249825,423.4370555349975,427.43649618959444,431.4363312413479,435.4353488536107
1.144857e-08 1.144857e-08 1.904626e-01 0.00 0.4444730086581741 -0.03940583926181416 0.15939103633556623 0.5615471381223595 339.4380200765757,343.43764612193155,347.4368962612219,351.4368336029571,355.4363344118469,359.43621006590496,363.4359307714826,367.43609773627594,371.4359330546023,375.43614941520605,379.4360943899277,383.4364037519762,387.4363091109827,391.4366550541937,395.4365402753969,399.4366381764036,403.4366024584268,407.4366754206184,411.436566284078,415.43649109956203,419.4364483634111,423.43629565999004,427.4357466844773,431.4355764518495,435.434580062937
1.133465e-08 1.133465e-08 1.913137e-01 0.00 0.4444730086581741 -0.03940583926181416 0.1617901879882326 0.5615471381223595 339.4388652915587,343.4385058257574,347.43778053679455,351.43770459878436,355.43722957269773,359.43710878188,363.4368332436877,367.4370162697685,371.4368653556323,375.4370911665398,379.4370428382207,383.4373512239301,387.437278261978,391.43762285786687,395.43753530719795,399.4376260355601,403.4375933822796,407.43767013768,411.4375796323718,415.4375169998445,419.43748721353336,423.43733693660585,427.4367987419674,431.43662465409267,435.435642886978
1.137168e-08 1.137168e-08 1.914861e-01 0.00 0.4444730086581741 -0.03940583926181416 0.16228622520972996 0.5615471381223595 339.43903719297145,343.4386779255154,347.43794631656,351.4378918384913,355.43740706576796,359.43729720709365,363.43701581555376,367.4371997965789,371.4370421853931,375.43728819979276,379.4372320388872,383.43755374364946,387.43745736099595,391.4378185020566,395.43772877666163,399.4378318328065,403.4378040288231,407.43786893287484,411.43779052824414,415.43773437908965,419.4376874159735,423.4375441917181,427.4370035230757,431.43682157058566,435.4358580834624
1.134030e-08 1.134030e-08 1.912600e-01 0.00 0.4444730086581741 -0.03940583926181416 0.16163684279339452 0.5615471381223595 339.4388147040886,343.43844988567315,347.4377257654678,351.43766449574866,355.4371737868123,359.43705635289774,363.4367811408681,367.43695949052193,371.4367951320696,375.4370322233467,379.4369761109786,383.43728993959115,387.43721015503104,391.43755903300365,395.43747017498686,399.4375639364242,403.43753528974156,407.43761160620375,411.43751051288245,415.4374525831129,419.4374304420455,423.4372758978508,427.43673189825415,431.4365550892785,435.43557031823156
1.248501e-08 1.248501e-08 1.944783e-01 0.00 0.4444730086581741 -0.03940583926181416 0.17128805759151838 0.5615471381223595 339.4419924104383,343.4416713940555,347.4409746738881,351.44096290420845,355.44051049465253,359.44043100009793,363.4401960645797,367.4404209437784,371.44029392028904,375.44057091610114,379.4405406366822,383.4408863347819,387.44084989054295,391.4412157523158,395.4411648663845,399.44129544321584,403.4412930268719,407.4414026188265,411.4413371070994,415.4413004522713,419.44128345206883,423.4411746640989,427.4406503764116,431.4405011192088,435.4395304887324
1.203910e-08 1.203910e-08 1.935836e-01 0.00 0.4444730086581741 -0.03940583926181416 0.16850991583148148 0.5615471381223595 339.4411094267961,343.4407754392289,347.44008583213895,351.4400461896996,355.4395864096763,359.43949898339554,363.4392483409367,367.4394593078935,371.4393346447912,375.43958807430374,379.43955852377053,383.43988659925327,387.4398379502931,391.440208791906,395.44014745229515,399.4402519796087,403.4402616285921,407.44034274015496,411.4402735081926,415.4402336810052,419.4402108230888,423.4400902362155,427.43955982654734,431.4394091636673,435.43844940825454
1.149169e-08 1.149169e-08 1.901539e-01 0.00 0.4444730086581741 -0.03940583926181416 0.15853516269402762 0.5615471381223595 339.4377146870064,343.4373392785547,347.43659389243186,351.4365221446181,355.4360074406049,359.4358776851187,363.4355936031424,367.4357605045918,371.43560439131807,375.4358187424934,379.4357510520587,383.43605605434794,387.4359488880686,391.4362987969127,395.43617932200306,399.43627587249904,403.436241592585,407.43629679162393,411.4361986332442,415.43612837306136,419.436087743444,423.4359098756638,427.4353648252169,431.4351682100207,435.4342079238929
1.181315e-08 1.181315e-08 1.901407e-01 0.00 0.4444730086581741 -0.03940583926181416 0.1584981326507894 0.5615471381223595 339.437699765,343.43732778144346,347.43658383754695,351.43649619923593,355.4359942030665,359.4358656241169,363.4355851761863,367.4357485568021,371.4355746413033,375.4357841746329,379.43574124440624,383.436037324575,387.4359429939968,391.4362859511687,395.4361704373884,399.4362529491996,403.43621760400515,407.4362934924075,411.4361943447375,415.4361149064381,419.4360682993111,423.4358883978862,427.43535341740073,431.4351558926328,435.43417377836437
1.141919e-08 1.141919e-08 1.901105e-01 0.00 0.4444730086581741 -0.03940583926181416 0.15841811695246102 0.5615471381223595 339.4376777226816,343.4372887889904,347.4365438898143,351.4364711054275,355.43597027950426,359.43583786461636,363.4355393001085,367.43572231419677,371.4355512469089,375.43576151893024,379.4357132801742,383.4360072132723,387.4359161786719,391.43625111815743,395.43612378816096,399.4362269104481,403.4361917795513,407.43624772730834,411.4361408772814,415.4360672987028,419.4360304848619,423.4358628288141,427.4353317890271,431.4351396332453,435.434147550865
1.159006e-08 1.159006e-08 1.924070e-01 0.00 0.4444730086581741 -0.03940583926181416 0.16497090671870204 0.5615471381223595 339.43994760518035,343.4395965342982,347.43887112580705,351.43883984254626,355.43837000063627,359.43826112574465,363.43799522608504,367.43819296850785,371.43805773244407,375.43829100339525,379.4382538722109,383.4385942111621,387.43850155342005,391.4388676700566,395.43879216492377,399.43890847392777,403.43888281656905,407.43896444271354,411.43887696106896,415.43882547013374,419.4387963434745,423.4386550847541,427.43812962485816,431.43798076802295,435.4369917754813
1.177542e-08 1.177542e-08 1.928020e-01 0.00 0.4444730086581741 -0.03940583926181416 0.1661373560262777 0.5615471381223595 339.44033030675763,343.43999647102396,347.4392781942513,351.4392354163819,355.4387725122859,359.43867431992896,363.43841407993796,367.4386175464245,371.4384889251112,375.43872965530335,379.4386904182092,383.4390214192846,387.43895203458135,391.43932744625766,395.43922654993776,399.43935929870963,403.4393368462979,407.4394366928109,411.4393628001223,415.43930249090096,419.4392762700972,423.43913010224685,427.43860766794603,431.43844892174627,435.4374642565338
1.130515e-08 1.130515e-08 1.914604e-01 0.00 0.4444730086581741 -0.03940583926181416 0.162215679590947 0.5615471381223595 339.43900571297127,343.4386585442348,347.4379212593246,351.43786615317816,355.4373782612614,359.4372588039647,363.4369937373299,367.4371741347239,371.4370189872832,375.43726162778347,379.43720325449834,383.4375244602144,387.43743486720757,391.43779365858654,395.43768953282785,399.437797853513,403.43777392484384,407.4378490321393,411.437756214291,415.43769272532535,419.43765229818797,423.43753007063657,427.4369785137258,431.43680337895523,435.43582378496114
1.147914e-08 1.147914e-08 1.905505e-01 0.00 0.4444730086581741 -0.03940583926181416 0.1596346539122421 0.5615471381223595 339.43811324190034,343.4377316856602,347.43700473723806,351.43693258477407,355.4364364752758,359.43629900511723,363.4360143705544,367.4361965895974,371.4360220348404,375.4362569363286,379.43617761762727,383.43648796524576,387.4364006487505,391.4367547955954,395.4366475394103,399.4367371865471,403.4367072227182,407.4367720988567,411.43666672798594,415.43660681262696,419.436569277909,423.4364169437223,427.43584485097455,431.43566603951814,435.43469497592844
1.216719e-08 1.216719e-08 1.937048e-01 0.00 0.4444730086581741 -0.03940583926181416 0.168889048372512 0.5615471381223595 339.44123300848145,343.4409020313465,347.44020367676967,351.44017544182924,355.4397085649262,359.4396223028434,363.43938077753586,367.43959073169566,371.4394671815798,375.43971766199195,379.43969790579695,383.4400251238375,387.43996027010456,391.4403435982428,395.4402798343849,399.44040751336547,403.4403921277524,407.4404878930775,411.44042699897733,415.4403859097633,419.440353012129,423.44022328602637,427.4397096808564,431.4395351598576,435.438595848239
1.154309e-08 1.154309e-08 1.917072e-01 0.00 0.4444730086581741 -0.03940583926181416 0.1629234694129606 0.5615471381223595 339.4392611099859,343.4388937202129,347.43818993477487,351.43812211178624,355.4376358447387,359.43751973945587,363.43725567635124,367.4374374861552,371.4372909981511,375.43752558743216,379.4374803202485,383.4377883263574,387.43772599319476,391.43807229567074,395.4379896733698,399.4380877022396,403.438060098276,407.43813565964086,411.4380469788127,415.43799047508827,419.43795574935257,423.4378073287195,427.4372695392993,431.43708400953216,435.43613063063566
1.167975e-08 1.167975e-08 1.923935e-01 0.00 0.4444730086581741 -0.03940583926181416 0.16492433478522067 0.5615471381223595 339.43993069928774,343.4395850780425,347.438874739388,351.438820490395,355.4383472832503,359.43824689694327,363.43798716558695,367.4381787657968,371.43803292876,375.4382784942448,379.43822912971126,383.4385698870499,387.43848959487025,391.43885818798987,395.4387882659302,399.4388826867768,403.4388650194639,407.4389404957204,411.4388606205654,415.4388231341683,419.4387793601109,423.43864697560275,427.4381023983169,431.43793530015415,435.4369668732839
1.127742e-08 1.127742e-08 1.912918e-01 0.00 0.4444730086581741 -0.03940583926181416 0.1617311289087614 0.5615471381223595 339.4388530374042,343.4384804388013,347.43775235115305,351.43768934947815,355.4372085563971,359.43708868585094,363.43681101710933,367.4369966676087,371.43684496025406,375.43707485158257,379.4370088286868,383.43732199312626,387.4372486617772,391.437591966764,395.43750680563136,399.437602686833,403.4375773985446,407.4376506042417,411.43755512019965,415.437493553914,419.43744191553753,423.43732321009077,427.4367656418236,431.4366049136191,435.4356230909825
1.159764e-08 1.159764e-08 1.900970e-01 0.00 0.4444730086581741 -0.03940583926181416 0.1583843016515059 0.5615471381223595 339.43765748359675,343.43728477440993,347.436543544476,351.43646323928374,355.43595055761136,359.43582647927735,363.4355367599571,367.43570271431923,371.4355358570582,375.43575296588835,379.4356804615008,383.4359844424986,387.43588411489173,391.436231765126,395.43612317640174,399.4361990109056,403.4361719942014,407.43623658524695,411.43614027521204,415.43605539559707,419.4360138327168,423.4358512234973,427.4352970870173,431.43511727349335,435.43413866011696
1.171898e-08 1.171898e-08 1.929407e-01 0.00 0.4444730086581741 -0.03940583926181416 0.16656206909536703 0.5615471381223595 339.4404675451592,343.44012179271857,347.4394272758905,351.4393819452865,355.43893016854895,359.4388229235995,363.4385706225378,367.4387706483641,371.4386320306096,375.438871178236,379.43883929261483,383.4391740155914,387.4391235862948,391.43947692978355,395.4394042908871,399.43951579465,403.4395064637961,407.4395856228617,411.4395141776834,415.4394677741465,419.43944656764734,423.43930271517434,427.43877213088854,431.4386181169097,435.43763904804416
1.180933e-08 1.180933e-08 1.928928e-01 0.00 0.4444730086581741 -0.03940583926181416 0.166418144495452 0.5615471381223595 339.44042425468416,343.4400756888462,347.4393711427344,351.4393371917362,355.43887205354787,359.43877459025305,363.4385148258376,367.4387186171287,371.43857853405643,375.4388304988307,379.43879409720427,383.4391253333435,387.4390554689419,391.4394284848029,395.43934327075505,399.43946288236145,403.4394461223205,407.4395387874882,411.43946521639015,415.4394098782358,419.43937812756394,423.4392366120944,427.438724572556,431.43855059608023,435.4375960242061
1.162367e-08 1.162367e-08 1.904266e-01 0.00 0.4444730086581741 -0.03940583926181416 0.15929025623140122 0.5615471381223595 339.4379856615293,343.437610719624,347.4368723965286,351.43679694501725,355.43630072554544,359.4361665351732,363.4358881271738,367.4360594185149,371.4358906856664,375.43610605296846,379.43604399953637,383.4363441157786,387.43627831911874,391.4366064216533,395.43651161948685,399.4365980767797,403.4365607636749,407.4366261233785,411.43652539860733,415.4364607869812,419.436407340953,423.4362501031393,427.435702916135,431.4355228207671,435.4345403342078
1.162267e-08 1.162267e-08 1.912044e-01 0.00 0.4444730086581741 -0.03940583926181416 0.1614745660512801 0.5615471381223595 339.43875812829367,343.438390239013,347.43767406319785,351.43760340937826,355.4371136064418,359.43699662894124,363.43671255196034,367.4368921411341,371.4367461055036,375.43697296296483,379.4369131433319,383.4372250295937,387.43714829263854,391.43749903172164,395.43741887337814,399.4374943792924,403.43747220604286,407.437542206572,411.4374507840697,415.43738738763625,419.4373590994436,423.437190885903,427.4366491731236,431.4364958947035,435.4354986155117
1.151413e-08 1.151413e-08 1.892016e-01 0.00 0.4444730086581741 -0.03940583926181416 0.15593772271168804 0.5615471381223595 339.43676457909135,343.4363779907564,347.4356186130887,351.435528622284,355.4350218037574,359.43487289615564,363.43457706908515,367.4347312442471,371.4345624602722,375.4347683834703,379.43469029377866,383.4349719450521,387.4348796573566,391.43520057389526,395.4350843916159,399.43516394569605,403.43511786636424,407.43516211160204,411.4350620472163,415.4349756427974,419.4349137562591,423.43477103582734,427.43420008720074,431.43402007883003,435.43301385367147
1.228777e-08 1.228777e-08 1.936889e-01 0.00 0.4444730086581741 -0.03940583926181416 0.16882754199763986 0.5615471381223595 339.4411987103619,343.440870157362,347.4401822173586,351.4401586510166,355.4396945378979,359.4396051086098,363.4393578025976,367.4395686035397,371.43943444316403,375.4396936639489,379.4396698539283,383.4400100630965,387.4399403980841,391.4403291624904,395.4402635859362,399.4403836847672,403.4403792709716,407.44047405003477,411.4404037415115,415.44037480751786,419.4403438373783,423.440214951695,427.4396888797385,431.4395400140297,435.4385715022047
1.156368e-08 1.156368e-08 1.892988e-01 0.00 0.4444730086581741 -0.03940583926181416 0.15620589299636514 0.5615471381223595 339.436866765995,343.43647336909765,347.43572665982174,351.43563553780064,355.435110578965,359.43497596991756,363.43468370833085,367.43483544828837,371.434672906468,375.4348836653319,379.434804351532,383.43507749229735,387.434977822776,391.4353111822326,395.43519487701263,399.43526907549534,403.43522731664314,407.4352936710027,411.4351750597347,415.4350960844121,419.4350359091665,423.4348864803462,427.4343088262608,431.4341314699839,435.43315460335145
1.125594e-08 1.125594e-08 1.917569e-01 0.00 0.4444730086581741 -0.03940583926181416 0.16306609733076605 0.5615471381223595 339.4392981036169,343.43895127921456,347.4382142700394,351.4381691961309,355.4377007503233,359.4375811600511,363.4373023546751,367.4375039072547,371.4373411859071,375.4375864694984,379.4375389003326,383.43785626885375,387.43777757732596,391.4381314587373,395.43802951057916,399.438147067116,403.4381159421556,407.4381959788443,411.43810290700605,415.43804589663114,419.4380171390762,423.43787286133954,427.4373196994955,431.43716574411616,435.4361833783132
1.139565e-08 1.139565e-08 1.908149e-01 0.00 0.4444730086581741 -0.03940583926181416 0.16037905710982586 0.5615471381223595 339.43836793391057,343.43800002310564,347.4372615215541,351.4372044640997,355.43669903555406,359.4365808200412,363.43630726057944,367.4364767309656,371.43632713524266,375.4365422474385,379.4364845646342,383.4367984470218,387.4366948231058,391.4370466817434,395.4369558039275,399.43704877382953,403.4370144393767,407.43709276270806,411.43699173099264,415.43692010853067,419.4368703332735,423.43673144788426,427.43618332765936,431.43600969615335,435.4350199444579
1.124272e-08 1.124272e-08 1.909299e-01 0.00 0.4444730086581741 -0.03940583926181416 0.16070520444289418 0.5615471381223595 339.4384766545284,343.4381199958072,347.43738464235713,351.43731951167433,355.436818096943,359.43670089773576,363.4364175519623,367.436606474912,371.4364452697538,375.43667857199625,379.436617866589,383.4369133107368,387.4368443589916,391.43718188726154,395.4370782444187,399.43717280603687,403.437151864401,407.4372155103687,411.437127647245,415.4370667014642,419.43701621893416,423.43687987210325,427.4363101098768,431.436139996717,435.4351550906258
1.169769e-08 1.169769e-08 1.920334e-01 0.00 0.4444730086581741 -0.03940583926181416 0.1638694772140191 0.5615471381223595 339.43957807855986,343.4392255483185,347.4385000491381,351.4384568124866,355.4379650945501,359.43786885457735,363.4375954059433,367.4377877625561,371.43764011550337,375.4378922509149,379.43783665556316,383.4381658569994,387.4380833481898,391.4384469268503,395.4383614143171,399.4384574616735,403.4384490795008,407.43853101084187,411.4384434551376,415.43838501269033,419.4383413332575,423.4382044705711,427.43766870696675,431.4375028191747,435.43653526649604
1.149628e-08 1.149628e-08 1.908058e-01 0.00 0.4444730086581741 -0.03940583926181416 0.1603576111654792 0.5615471381223595 339.4383565334245,343.4379975964097,347.43726630757493,351.43719688413256,355.43669254675626,359.43657011213384,363.43629460606985,367.43647396883154,371.43630501019106,375.436535824059,379.43647354467754,383.4367880602671,387.43669431639717,391.43704159232067,395.4369432528182,399.43702782198545,403.4370012445887,407.43707747323623,411.43697491832194,415.43690935166586,419.43687502708434,423.4367097698297,427.43616656058754,431.43600853944065,435.43500653002695
1.144025e-08 1.144025e-08 1.898385e-01 0.00 0.4444730086581741 -0.03940583926181416 0.1576693683544289 0.5615471381223595 339.4374049997692,343.4370216925826,347.4362738599283,351.43618808819707,355.43567786279016,359.4355537633845,363.43525469608073,367.43542491892106,371.43525555809333,375.4354694160585,379.43540108853614,383.4357063562814,387.4356004469644,391.43592995053376,395.4358160879324,399.435897800043,403.43586964873515,407.4359288958495,411.43581645387695,415.43575645297324,419.4356891044902,423.4355394303213,427.4349870508077,431.4348034568664,435.433810747512
1.158915e-08 1.158915e-08 1.895865e-01 0.00 0.4444730086581741 -0.03940583926181416 0.15698723458798505 0.5615471381223595 339.4371482164509,343.4367670321831,347.4360107069533,351.4359326238821,355.4354205007977,359.43528847098025,363.43498483543294,367.4351465465741,371.4349869099981,375.4351923561109,379.43511704714217,383.4354049480746,387.4353199551802,391.435637101443,395.43552545901156,399.43561338947165,403.43556707368833,407.4356310151829,411.4355326336188,415.4354389448448,419.43538698178895,423.43521862776095,427.4346713558238,431.4344962569361,435.43350696502625
1.118982e-08 1.118982e-08 1.908989e-01 0.00 0.4444730086581741 -0.03940583926181416 0.1606128715093626 0.5615471381223595 339.4384598227759,343.43808195272777,347.43735110993777,351.4372806416231,355.43679057497013,359.43666659613626,363.43640129184854,367.4365727312496,371.43641153529177,375.43663437495314,379.4365740339512,383.43689905223465,387.43679301042647,391.4371452303473,395.4370343480235,399.4371471958762,403.43711487401214,407.4371914247182,411.43707903509033,415.4370290584443,419.43698610285054,423.4368343836649,427.43627383581753,431.4361126871365,435.43512466225917
1.137691e-08 1.137691e-08 1.919981e-01 0.00 0.4444730086581741 -0.03940583926181416 0.16375941137437117 0.5615471381223595 339.43953359282426,343.43918894031253,347.43847052905335,351.43841790007656,355.4379403042903,359.4378282011986,363.43755894944906,367.43775249724223,371.43760744565253,375.4378503760309,379.43781021590246,383.43813059967664,387.4380468306133,391.43840001531987,395.43830972826674,399.4384254974869,403.43840295636454,407.4384777434392,411.4383931864202,415.4383402149056,419.43831162720323,423.4381598778688,427.43763305791776,431.43745210882616,435.436469243138
1.142637e-08 1.142637e-08 1.908300e-01 0.00 0.4444730086581741 -0.03940583926181416 0.1604121193920346 0.5615471381223595 339.43838561287413,343.4380191256197,347.43728952736086,351.43721488776083,355.43670892109793,359.4365866961692,363.43631844809164,367.4364929972868,371.4363385779373,375.4365632446919,379.43650451838414,383.4368179485258,387.4367303067937,391.4370747630827,395.43696815549146,399.4370600980757,403.4370309599602,407.43710040695834,411.43700564769654,415.4369385503183,419.43689136095634,423.4367499599059,427.4361809154448,431.4360184525353,435.43504904728525
1.147302e-08 1.147302e-08 1.909188e-01 0.00 0.4444730086581741 -0.03940583926181416 0.16067495946472427 0.5615471381223595 339.43847692058614,343.43810869778844,347.4373762178603,351.4373084013415,355.4368168685264,359.43668938053486,363.43641930400935,367.43659603023366,371.43644153991636,375.43665220521774,379.436598145122,383.43690584915186,387.43683519325157,391.4371700257011,395.43706722200153,399.43716003985514,403.43714230987376,407.43721218880955,411.43710094210314,415.43705379463995,419.4370050240611,423.43684232940956,427.4363164291823,431.4361360914748,435.43515081966865
1.162533e-08 1.162533e-08 1.917119e-01 0.00 0.4444730086581741 -0.03940583926181416 0.16293672997629405 0.5615471381223595 339.43925427653437,343.43890682253493,347.4381766454418,351.4381273130213,355.43763564844636,359.4375284623678,363.43725858113714,367.43744825411517,371.4372958236802,375.43752701121446,379.4374764969798,383.4378030371145,387.4377156430764,391.43808454247863,395.43799184351406,399.4380881588123,403.4380779633224,407.43813961891226,411.43805615290745,415.4380031341969,419.43795730878304,423.43781450334654,427.43727684297073,431.43710534287715,435.43613328600065
1.147121e-08 1.147121e-08 1.911514e-01 0.00 0.4444730086581741 -0.03940583926181416 0.16133003554618564 0.5615471381223595 339.43870551965205,343.43834000742964,347.4376169751349,351.4375475529356,355.4370578741031,359.43694293351524,363.436667386321,367.43683665781526,371.43668841150753,375.4369179585785,379.4368565874554,383.43715611549095,387.4370875170018,391.4374424352494,395.4373421353825,399.437443629261,403.4374048881358,407.4374808802918,411.43739765642414,415.4373248052002,419.437283484067,423.4371321557668,427.43659723120874,431.43642270137707,435.4354392612011
1.139012e-08 1.139012e-08 1.905564e-01 0.00 0.4444730086581741 -0.03940583926181416 0.15965298799828642 0.5615471381223595 339.43811183488384,343.43773714941153,347.43700319479626,351.43693705953916,355.4364366372532,359.43630872024664,363.4360263698499,367.43620230397545,371.43604222949585,375.43625083361087,379.4361980867931,383.4365059107656,387.43640363647756,391.4367597854524,395.43664342769546,399.43673774857973,403.4367122055133,407.436785138337,411.43668472307456,415.4366133237907,419.43656016997437,423.43642944656705,427.4358601476491,431.4356886389006,435.4347126597875
1.155198e-08 1.155198e-08 1.897929e-01 0.00 0.4444730086581741 -0.03940583926181416 0.15754785613196287 0.5615471381223595 339.43735495449,343.43697205713164,347.4362205036951,351.4361457432884,355.4356409614307,359.43550035281163,363.4352064950284,367.43537297366345,371.43520470771466,375.4354117626154,379.43535098877595,383.4356409017579,387.4355494137848,391.4358759665195,395.4357687621282,399.4358553353468,403.4358159235012,407.435869508733,411.43577069843,415.4356996317992,419.43563594249366,423.43547739359786,427.4349215131193,431.4347447247612,435.4337518773767
1.140340e-08 1.140340e-08 1.910725e-01 0.00 0.4444730086581741 -0.03940583926181416 0.161102404046771 0.5615471381223595 339.438623464892,343.4382575467846,347.4375352851503,351.43746683347507,355.4369610692381,359.4368564525667,363.43657946985434,367.43675904671437,371.43660009174476,375.4368286685023,379.4367724042143,383.43708690300264,387.4369923126021,391.43735464077645,395.4372474303236,399.43734620896106,403.43731536934,407.43738402252455,411.43730481952196,415.4372259742305,419.43719076624643,423.4370377199026,427.43648573811936,431.43630756349137,435.4353455403416
1.144730e-08 1.144730e-08 1.915551e-01 0.00 0.4444730086581741 -0.03940583926181416 0.16248881510040875 0.5615471381223595 339.43910571409845,343.4387478781941,347.4380326944513,351.437972998587,355.43748751861193,359.4373627565091,363.4370872734756,367.43728349986947,371.43712563746675,375.4373577766285,379.43731219495487,383.4376230977224,387.4375413864369,391.43789390917794,395.4378050336374,399.4379081441646,403.4378832685277,407.43795545419346,411.43786714296914,415.43781680146964,419.43776952963583,423.4376322444495,427.4370969428282,431.4369225964375,435.43593876056957
1.135423e-08 1.135423e-08 1.903656e-01 0.00 0.4444730086581741 -0.03940583926181416 0.15911730296278445 0.5615471381223595 339.4379298521948,343.43754094680315,347.436805872449,351.4367289120369,355.4362318956872,359.43610852487717,363.43582585806763,367.4359904032818,371.43582290108293,375.43604942066565,379.43598645485787,383.4362951401627,387.43618940104955,391.43654236112747,395.4364296907277,399.4365237784519,403.43649106610786,407.4365522484418,411.43644818829574,415.43638269797344,419.4363361459541,423.4361805369598,427.43562267483594,431.4354456242749,435.4344667473803
1.186854e-08 1.186854e-08 1.889671e-01 0.00 0.4444730086581741 -0.03940583926181416 0.1553123760115376 0.5615471381223595 339.4365255346122,343.4361416395021,347.4353728350221,351.43529344827397,355.4347631017833,359.4346251385829,363.4343267902727,367.4344762972043,371.43429842686953,375.43450428170945,379.4344169063009,383.43470745381995,387.4346116218983,391.4349381277908,395.43481745355865,399.4348933694857,403.4348358669798,407.43489388786196,411.4347878328514,415.43468485830095,419.43463102905486,423.4344773740329,427.433906971156,431.4337093498194,435.4327268107877
1.147910e-08 1.147910e-08 1.914038e-01 0.00 0.4444730086581741 -0.03940583926181416 0.1620426222542485 0.5615471381223595 339.4389540346288,343.4385906275377,347.4378634893204,351.43780641481254,355.43732911094895,359.4372000091938,363.43692335051105,367.4371109706632,371.4369583577316,375.43719349355587,379.43713830618947,383.43744545144494,387.4373609685536,391.4377213223959,395.4376265958319,399.43773653594684,403.43770708463256,407.4377864351098,411.43770384265287,415.43762904775804,419.4375955481915,423.43744867772455,427.4368881598291,431.4367415434588,435.4357608072403
1.157889e-08 1.157889e-08 1.920682e-01 0.00 0.4444730086581741 -0.03940583926181416 0.16397161560230053 0.5615471381223595 339.4396168967561,343.4392602411571,347.4385401865176,351.4384926634588,355.4380053801749,359.43789500599183,363.4376397875303,367.437838431325,371.4376806016134,375.4379260112246,379.4378794961398,383.43821275156876,387.4381187436705,391.43848368936267,395.4383817842711,399.4384956516696,403.43849422180966,407.43856681909523,411.43848770085475,415.4384283339971,419.4383917796572,423.4382398473627,427.4377097371054,431.4375462706961,435.4365827235127
1.140831e-08 1.140831e-08 1.906169e-01 0.00 0.4444730086581741 -0.03940583926181416 0.15981739641296688 0.5615471381223595 339.4381663220844,343.437798081342,347.43706606064967,351.4369949664252,355.4364847843134,359.43637893143693,363.43609211459477,367.4362592280047,371.4361095308075,375.43632166638855,379.43625484774464,383.4365724261496,387.43647606348617,391.43682053315155,395.43673287725244,399.4368167876682,403.43678793156903,407.43685064552614,411.4367554471664,415.43667610486693,419.43664820838046,423.43648178012023,427.43593207882174,431.4357660390656,435.4347817058424
1.160941e-08 1.160941e-08 1.909782e-01 0.00 0.4444730086581741 -0.03940583926181416 0.1608331600365234 0.5615471381223595 339.43853084938604,343.4381610238118,347.4374271475169,351.43737530395794,355.4368785943318,359.436756985769,363.43646613840866,367.43665216823666,371.43650440546355,375.4367231687772,379.43666418319305,383.4369726390109,387.43689147697836,391.4372450468099,395.43713468872016,399.4372379158003,403.43721487287235,407.4372791311683,411.43718715239146,415.43712126507273,419.4370695576597,423.4369149626259,427.43637296816144,431.4362143830953,435.4352204520303
1.143584e-08 1.143584e-08 1.917497e-01 0.00 0.4444730086581741 -0.03940583926181416 0.1630468511736602 0.5615471381223595 339.4392918772316,343.4389375633249,347.43822124584915,351.43816461193376,355.43766765383344,359.43757275631924,363.4373049427151,367.4374951026581,371.43734561181844,375.4375669093136,379.4375185556109,383.4378387631318,387.43776503734017,391.43811991661005,395.438030409987,399.43813881806045,403.43810942432145,407.43819143974747,411.4381010851361,415.43804938798024,419.43800309258773,423.4378579949827,427.4373209935997,431.43715543847156,435.43619000249043
1.141588e-08 1.141588e-08 1.913611e-01 0.00 0.4444730086581741 -0.03940583926181416 0.16193650666314777 0.5615471381223595 339.43891489896026,343.4385527052452,347.43783482400806,351.4377644800424,355.43727346645693,359.4371621693248,363.4368820854102,367.43707325083005,371.4369245604837,375.43714600648724,379.4370915417519,383.43740488507154,387.4373435365596,391.4376751589761,395.43757325338595,399.4376777770756,403.4376580484784,407.43772582281235,411.4376395603229,415.4375833693696,419.43752997650074,423.4373831254436,427.4368491479061,431.43668392970983,435.4356949628005
1.130031e-08 1.130031e-08 1.902350e-01 0.00 0.4444730086581741 -0.03940583926181416 0.15875857557913067 0.5615471381223595 339.43778750904454,343.4374161518498,347.4366737620905,351.4366022005479,355.4360915314348,359.4359731716152,363.43567725357616,367.4358601086738,371.4356892178888,375.4359123027987,379.4358461788078,383.4361415764777,387.43606038591383,391.4363822151594,395.43627136233215,399.4363689735703,403.43633260171856,407.4364029470153,411.436292713068,415.43622531700026,419.43616868655727,423.43601792751105,427.4354620634849,431.435278947522,435.4342975082225
1.175820e-08 1.175820e-08 1.922880e-01 0.00 0.4444730086581741 -0.03940583926181416 0.16461767834410662 0.5615471381223595 339.43982323133554,343.439476157746,347.43876799498935,351.4387109002688,355.43823774710637,359.4381312733731,363.4378740119162,367.43806273378624,371.4379136473972,375.43816995929336,379.4381257101316,383.4384411582328,387.43837313679796,391.4387399001096,395.4386538690226,399.43875443093276,403.4387513960595,407.438818530692,411.4387446041699,415.4386934920949,419.4386580250336,423.43850048216984,427.43796846135507,431.43781565638545,435.43685051155194
1.160012e-08 1.160012e-08 1.906772e-01 0.00 0.4444730086581741 -0.03940583926181416 0.1599896606221089 0.5615471381223595 339.4382273444318,343.437861571287,347.4371300440324,351.43706551437714,355.43657018535185,359.43643521166047,363.436151584251,367.43632649320887,371.4361710083087,375.4363895091002,379.4363241317803,383.43663031127994,387.4365520494363,391.4368862949184,395.43679833017217,399.4368816978446,403.43686380491897,407.4369270296913,411.4368370317809,415.4367535768971,419.4366982581928,423.43656987052736,427.4360052855617,431.43583699134393,435.4348526704477
1.145134e-08 1.145134e-08 1.916095e-01 0.00 0.4444730086581741 -0.03940583926181416 0.16263925648652422 0.5615471381223595 339.43915767057433,343.4387976751864,347.4380691317624,351.43802038306177,355.4375391135646,359.4374191202479,363.4371521438936,367.43733299554697,371.4371828816037,375.4374188496911,379.4373669649718,383.4376821368207,387.43761691287267,391.4379590373113,395.4378693333879,399.4379749767531,403.437951188681,407.4380206907305,411.4379348190143,415.43787097197475,419.4378443550625,423.4376797681242,427.43714389798856,431.43697276944295,435.43601572470266
1.143957e-08 1.143957e-08 1.902688e-01 0.00 0.4444730086581741 -0.03940583926181416 0.1588509860996743 0.5615471381223595 339.4378341968636,343.43745632696465,347.4367079921924,351.43663763607054,355.43613433758236,359.436009216758,363.43571004584936,367.4358890520889,371.4357240807025,375.435935086689,379.43586826333956,383.43617645231063,387.4360963686811,391.43642742284374,395.4363224633914,399.43641111490325,403.4363692474747,407.4364316899816,411.43634353354474,415.4362684625031,419.43621582148046,423.43607134813516,427.435502717113,431.435311818774,435.434349937989
1.152414e-08 1.152414e-08 1.898709e-01 0.00 0.4444730086581741 -0.03940583926181416 0.15776239953158164 0.5615471381223595 339.4374307191489,343.4370472244454,347.4363115053032,351.43622660717136,355.435718361859,359.4355867686628,363.43529374098637,367.4354645492089,371.4352956399106,375.4354994729913,379.4354420258425,383.4357287239557,387.43563170290054,391.4359731099606,395.43586545698287,399.43594015176905,403.4359032466957,407.43596901256296,411.43584701793577,415.4357856703694,419.43573637596415,423.435574398803,427.4350155646134,431.43484094442175,435.43386236037605
1.141350e-08 1.141350e-08 1.912309e-01 0.00 0.4444730086581741 -0.03940583926181416 0.1615559780747477 0.5615471381223595 339.4387844983416,343.4384198218041,347.43768397029424,351.4376257558645,355.437144620095,359.4370196226192,363.43673871517063,367.43692781970844,371.4367748153574,375.4370046138899,379.4369505185372,383.43726388276855,387.43717790842453,391.43752886324023,395.4374344952588,399.4375281101825,403.4375038750207,407.43758213638057,411.43748213651827,415.4374147884946,419.43737710447175,423.4372395096037,427.43669358696644,431.436526430447,435.43554278901746
1.143940e-08 1.143940e-08 1.901270e-01 0.00 0.4444730086581741 -0.03940583926181416 0.15846109816085513 0.5615471381223595 339.43768419146005,343.4373057180231,347.43656772898845,351.4364931746317,355.4359847431493,359.43585360436674,363.4355619139554,367.43574723763544,371.43556533348874,375.43578821847,379.4357224649311,383.43601835490387,387.43592775632186,391.436264811753,395.43615734683937,399.4362433602881,403.43621331868917,407.43626345297463,411.43616554940536,415.4360885835213,419.436045719705,423.43588689639205,427.43534353600455,431.4351569998128,435.4341641056378
1.148486e-08 1.148486e-08 1.910947e-01 0.00 0.4444730086581741 -0.03940583926181416 0.1611652630476536 0.5615471381223595 339.43864186927226,343.43829013898556,347.43754624515765,351.4374924668524,355.4370014998072,359.4368722872647,363.43660305452096,367.4367791491399,371.4366247237381,375.4368581631528,379.4367958237354,383.43711794400434,387.4370138522151,391.43737503773445,395.43727645236834,399.43736845953896,403.43734816596026,407.4374091936551,411.437329098429,415.4372624498452,419.4372016380671,423.437069955641,427.43652970825934,431.43633633497745,435.43536293151595
1.147611e-08 1.147611e-08 1.907341e-01 0.00 0.4444730086581741 -0.03940583926181416 0.16014867068381827 0.5615471381223595 339.4382945607752,343.437915015757,347.43719149249176,351.43711747835965,355.436631310381,359.43649386790975,363.4362073955742,367.43639094936157,371.4362321580167,375.4364548513408,379.43640748804233,383.4367139825869,387.4366212531917,391.4369625237038,395.43684701338356,399.4369432420731,403.43693087824073,407.43698517889334,411.4368929310281,415.4368230181542,419.436766982682,423.4366314348474,427.4360743317817,431.43590752997744,435.4349214141063
1.140719e-08 1.140719e-08 1.904171e-01 0.00 0.4444730086581741 -0.03940583926181416 0.1592708282257495 0.5615471381223595 339.4379756849006,343.43760519682684,347.4368554860228,351.43679105718684,355.4362961454641,359.4361679149417,363.43588105463874,367.43604812608356,371.43587891170745,375.43610754271947,379.43604249584547,383.4363502156015,387.43624956813653,391.43659605027744,395.4364848061474,399.43658253680985,403.43654657455147,407.43661862318373,411.4365153511193,415.4364468843203,419.43639435408545,423.43624034470326,427.435688877569,431.4355247982515,435.43453132532443
1.152539e-08 1.152539e-08 1.919207e-01 0.00 0.4444730086581741 -0.03940583926181416 0.16353790271028412 0.5615471381223595 339.4394664844805,343.43911092832195,347.4383881500802,351.4383437603129,355.43784925772883,359.43774604472077,363.43747944068565,367.4376718205195,371.4375276291083,375.4377535159563,379.43772033246654,383.4380423454442,387.4379551301199,391.43831032628856,395.4382429888017,399.4383346179985,403.43831638488325,407.43838282866034,411.43830006087234,415.43825008834926,419.43821022761836,423.438067886387,427.437518308456,431.4373609150755,435.4363819713866
1.175065e-08 1.175065e-08 1.926448e-01 0.00 0.4444730086581741 -0.03940583926181416 0.1656755300422032 0.5615471381223595 339.44017491288645,343.43982657337045,347.4391362390002,351.439083649665,355.4386095833507,359.43851547652616,363.43824943135763,367.4384510057012,371.43830866940976,375.4385562259858,379.43850822471865,383.4388377772796,387.4387869434474,391.4391499376998,395.4390645590466,399.43917524558356,403.4391650129964,407.43923769838767,411.43916815025926,415.43911479308997,419.4390696449429,423.4389590850753,427.4384066799556,431.43825717342185,435.43728262236436
1.129377e-08 1.129377e-08 1.899581e-01 0.00 0.4444730086581741 -0.03940583926181416 0.15799978145245827 0.5615471381223595 339.4375155640015,343.43713725182585,347.43639090764253,351.4363198243893,355.4358127495199,359.4356795269219,363.43539105707765,367.43556042932494,371.43538431268183,375.43560296041653,379.435533380728,383.43581650888666,387.4357289571634,391.4360694094114,395.4359529748714,399.4360438592058,403.436007046344,407.4360721063773,411.4359575237916,415.4358921747677,419.43585509046227,423.43568462525826,427.4351295146891,431.4349540616783,435.43395482686066
1.170194e-08 1.170194e-08 1.899648e-01 0.00 0.4444730086581741 -0.03940583926181416 0.15801785850297917 0.5615471381223595 339.43752787603717,343.43714518643793,347.43640761658,351.4363226939872,355.4358094332152,359.43568074231564,363.43538664974756,367.435555969472,371.4353906094568,375.43560149222486,379.43554529138817,383.43584543441125,387.4357419064828,391.43607795422867,395.43597288079866,399.43604752424767,403.43601461058336,407.43608501299803,411.4359767611554,415.43589078691423,419.4358524447989,423.4356853539677,427.4351436094489,431.43495667614815,435.4339713266657
1.138448e-08 1.138448e-08 1.897073e-01 0.00 0.4444730086581741 -0.03940583926181416 0.15731173224903008 0.5615471381223595 339.43727312559736,343.4368856362203,347.43615019772704,351.43605719212195,355.4355496958711,359.4354077873422,363.43512580022707,367.43528626164436,371.4351092144006,375.4353219643189,379.43525882918027,383.43553403453905,387.4354549413052,391.43577757178804,395.4356564505887,399.43576099816727,403.43571352164804,407.4357720269558,411.43567004056774,415.4355827832371,419.43553384757706,423.435386238146,427.4348199607384,431.4346264932183,435.4336502430168
1.148632e-08 1.148632e-08 1.895781e-01 0.00 0.4444730086581741 -0.03940583926181416 0.15695731870505425 0.5615471381223595 339.4371367256711,343.43675757630126,347.43600549939055,351.43592219700446,355.4354008913581,359.4352751416494,363.4349785485156,367.43514141308344,371.4349600954726,375.43517458582437,379.4351178989946,383.4353899722875,387.4353085733229,391.4356338046304,395.43552788898137,399.4356012077756,403.4355536900752,407.4356163407186,411.4355135458396,415.43542843297456,419.4353862027171,423.4352312462728,427.43465582996646,431.4344850481407,435.4334933729701
1.140710e-08 1.140710e-08 1.902575e-01 0.00 0.4444730086581741 -0.03940583926181416 0.15882633677876692 0.5615471381223595 339.4378224449961,343.4374402442368,347.4367063005519,351.43662784785494,355.43611911430156,359.4359938426358,363.43570705176336,367.4358744628714,371.4357131169047,375.4359342779982,379.43586071829094,383.43616658292234,387.4360650399322,391.4364182504384,395.43631670538286,399.43638966006637,403.436354424574,407.43641810574076,411.4363242999727,415.43624352656735,419.436219169898,423.43605171955767,427.43550039648926,431.4353171141993,435.4343314563476
1.135378e-08 1.135378e-08 1.910099e-01 0.00 0.4444730086581741 -0.03940583926181416 0.16092389111487576 0.5615471381223595 339.4385690846287,343.4381929598843,347.4374682572627,351.437402932519,355.43689785694863,359.4367936932419,363.4365077556566,367.43668696752854,371.4365407401442,375.4367507646408,379.43670142697994,383.43701560317055,387.4369284122754,391.437265039914,395.43718301190876,399.4372784556883,403.43724482073236,407.43731806702056,411.4372159043166,415.4371605363155,419.43710966336283,423.436964814649,427.43642226943984,431.4362601797812,435.43526100034285
1.150909e-08 1.150909e-08 1.894289e-01 0.00 0.4444730086581741 -0.03940583926181416 0.15656069846136136 0.5615471381223595 339.43699310039483,343.4366092746123,347.43587109481797,351.4357668177808,355.435253539227,359.4351201445393,363.4348247516286,367.43498500536714,371.4348070832673,375.43501650342535,379.43494472473765,383.4352223380632,387.43512459226434,391.43545963402437,395.43534286580365,399.4354355580322,403.43537969804845,407.4354403525801,411.43533240876366,415.43525688839316,419.4351958683,423.4350441932943,427.4344755924207,431.4342974988893,435.4333023845557
1.137704e-08 1.137704e-08 1.912762e-01 0.00 0.4444730086581741 -0.03940583926181416 0.1616810239205722 0.5615471381223595 339.43882257804194,343.43846854239473,347.43774091327583,351.4376841000271,355.4371925863861,359.43707239273215,363.4367917076528,367.4369785659612,371.4368186665086,375.43704981546813,379.43700563366514,383.4373132580258,387.43723039354813,391.4375763915864,395.4374935862981,399.43758009976005,403.4375606622364,407.4376197319829,411.43753136413096,415.43747255657934,419.4374379271856,423.4372913904546,427.4367458143541,431.43657176854396,435.4356027736281
1.131627e-08 1.131627e-08 1.905728e-01 0.00 0.4444730086581741 -0.03940583926181416 0.1597013493107544 0.5615471381223595 339.4381312653964,343.4377608997232,347.4370141083955,351.4369532944679,355.436445896222,359.43633245142956,363.4360411893454,367.43622368673584,371.4360581426658,375.43627780943234,379.4362144241492,383.4365153276023,387.436437067878,391.4367782424328,395.4366637063976,399.4367655790077,403.4367252030126,407.4367967930004,411.43670281874074,415.43663619983994,419.43658220912897,423.4364327664501,427.43588016053224,431.43571323292815,435.43472450443784
1.137964e-08 1.137964e-08 1.899739e-01 0.00 0.4444730086581741 -0.03940583926181416 0.15804401076849064 0.5615471381223595 339.4375341534855,343.4371549179196,347.4364118164741,351.43633485846834,355.43582614380995,359.4356900565685,363.43540884257305,367.43557127635916,371.43540257447324,375.43561763080737,379.4355410448873,383.43584497635146,387.4357571435266,391.43608001173715,395.4359696574828,399.43607209764247,403.4360262427737,407.4361000308652,411.43598024627016,415.43590768778955,419.43585859625335,423.4357094732043,427.43515740315826,431.4349737815927,435.43398770427586
1.153910e-08 1.153910e-08 1.914377e-01 0.00 0.4444730086581741 -0.03940583926181416 0.16213971905234786 0.5615471381223595 339.43898482770953,343.43862243450735,347.43790404320504,351.4378419150611,355.4373556126733,359.437237510206,363.4369615643132,367.43715376205546,371.4369919958505,375.43722312363644,379.43717324225645,383.43748872898914,387.437408480611,391.4377585745127,395.43768478953683,399.43777485230004,403.4377552188386,407.4378185722725,411.4377288631431,415.43766839714544,419.43763369691777,423.4374861766574,427.43694391555624,431.43677517445536,435.43578647633757
1.152018e-08 1.152018e-08 1.915101e-01 0.00 0.4444730086581741 -0.03940583926181416 0.16235679273675294 0.5615471381223595 339.43905300293216,343.4386959239559,347.43796815239574,351.43792488636285,355.4374317778353,359.4373222210428,363.4370451653114,367.43722808102956,371.4370831195886,375.4373120406981,379.4372553408483,383.4375866185895,387.43748654252227,391.4378528775818,395.4377607021952,399.4378560765948,403.4378282730162,407.4379081339225,411.43780013282765,415.4377678917562,419.43770619926056,423.43756255351724,427.43702074202076,431.4368727282058,435.4358852331404
1.155346e-08 1.155346e-08 1.922034e-01 0.00 0.4444730086581741 -0.03940583926181416 0.1643716853320536 0.5615471381223595 339.43973919478333,343.4393870762834,347.43868660635417,351.4386357202571,355.43814633200486,359.43803969193743,363.43778078038935,367.4379773547605,371.43783352799187,375.43807317302884,379.43803188840474,383.4383399525367,387.43827378806014,391.4386345832158,395.43855082440484,399.43866602098535,403.4386397520872,407.4387307336437,411.43864552095494,415.4385860122603,419.438554512558,423.4384200376824,427.43787809215934,431.4377120277906,435.43672921333194
1.157260e-08 1.157260e-08 1.918303e-01 0.00 0.4444730086581741 -0.03940583926181416 0.1632726524300681 0.5615471381223595 339.43936693384825,343.4390181028637,347.43831228295545,351.4382369506514,355.4377533851513,359.43765070392055,363.43738528195547,367.4375723345524,371.437428146858,375.43766887384385,379.4376143103798,383.4379203357926,387.4378510236752,391.43821398198526,395.43812609072177,399.4382272255015,403.4382138448154,407.43828776348573,411.43819773443676,415.43813803583026,419.43811012139435,423.4379525944116,427.4374252957051,431.4372510071692,435.43627411927463
1.152535e-08 1.152535e-08 1.908767e-01 0.00 0.4444730086581741 -0.03940583926181416 0.1605490773464754 0.5615471381223595 339.4384282942975,343.43805969772063,347.43733765504413,351.4372650287143,355.43676433073915,359.43664321754346,363.43636903169363,367.4365485084591,371.43638458667505,375.43660301153517,379.43655947856485,383.436863266754,387.4367655795093,391.4371237918846,395.4370294285532,399.43711543717603,403.4370886531188,407.43715320204575,411.43706711397647,415.4370037182709,419.43695315462963,423.4368024181137,427.436243316301,431.4360704523665,435.43510400621676
1.140412e-08 1.140412e-08 1.903479e-01 0.00 0.4444730086581741 -0.03940583926181416 0.15906991060305473 0.5615471381223595 339.4379012779373,343.4375373219467,347.43678955824765,351.43672145893663,355.4362185279394,359.4360872430879,363.4358001413627,367.43596741824416,371.4358078589757,375.4360224529466,379.4359724914463,383.43626292982793,387.43618961168426,391.4365118164715,395.4364062985231,399.43649457638054,403.43646832448906,407.4365348609961,411.43643533729636,415.4363474240068,419.43633118541254,423.43615861133776,427.43560222034904,431.43543019250336,435.4344473046959
1.148254e-08 1.148254e-08 1.916331e-01 0.00 0.4444730086581741 -0.03940583926181416 0.1627142642728269 0.5615471381223595 339.43917248655896,343.43883291310107,347.4381018905311,351.4380482293435,355.43756449070673,359.43744294819027,363.4371781784981,367.4373575461383,371.4372143732119,375.4374496195316,379.43738916377833,383.4377150029512,387.4376462876593,391.43799365256467,395.43788657062595,399.43799334749207,403.4379745970418,407.43805627784445,411.43796005176944,415.4378984674818,419.43786011836386,423.4377262795915,427.43717924649604,431.4370048479624,435.4360279423323
1.138093e-08 1.138093e-08 1.911630e-01 0.00 0.4444730086581741 -0.03940583926181416 0.16136132051672578 0.5615471381223595 339.4387192956716,343.43835690743504,347.43762950669196,351.4375599248205,355.4370686395425,359.43695315391574,363.43667129228317,367.4368514611487,371.4366968901311,375.43692773909606,379.43687209664773,383.43717676509885,387.43709246485673,391.4374529541323,395.43734922106273,399.4374463042331,403.43742023503575,407.4374938490756,411.4374110842232,415.43733794458376,419.4373189524924,423.43715383444675,427.43659844825265,431.4364363384055,435.4354529997914
1.124747e-08 1.124747e-08 1.912803e-01 0.00 0.4444730086581741 -0.03940583926181416 0.16169213605504282 0.5615471381223595 339.43884257092225,343.4384648320905,347.43774830747674,351.43767839667555,355.4371824172961,359.4370691300232,363.43679363657293,367.4369839426919,371.4368276696068,375.4370677274917,379.4370086455773,383.43731516344525,387.4372268532057,391.4375799004264,395.4374867668068,399.43758223243856,403.4375693796509,407.4376270266626,411.43754153647285,415.4374810283602,419.43745237944995,423.4372950292935,427.4367508372489,431.4365706849001,435.43560832193515
1.134175e-08 1.134175e-08 1.905110e-01 0.00 0.4444730086581741 -0.03940583926181416 0.15952499003288534 0.5615471381223595 339.4380679408118,343.43769909633454,347.4369575098763,351.436882527443,355.4363927106391,359.4362619620392,363.4359786245692,367.43615058518975,371.4359903173509,375.43620871976236,379.43615255130396,383.43645053623356,387.4363512410355,391.43670557914936,395.43659306422785,399.4366837946995,403.4366674480437,407.43672021309493,411.43663099011764,415.4365568026488,419.43651436284097,423.43636179802354,427.43580738439573,431.43563909752396,435.4346497683789
1.236265e-08 1.236265e-08 1.939716e-01 0.00 0.4444730086581741 -0.03940583926181416 0.1697005129018703 0.5615471381223595 339.4414879226215,343.4411569933116,347.4404735631577,351.44043636320987,355.43997975006107,359.4399064589455,363.4396607910202,367.43986963461646,371.4397406826516,375.4400036497913,379.43998662317244,383.44033174425016,387.4402761286872,391.44065717827164,395.4405815011237,399.4407124916665,403.44070810228834,407.4407988379274,411.4407361987832,415.44070215852923,419.44068523899654,423.4405414686885,427.440019401835,431.4398725118296,435.43891728550744
1.150231e-08 1.150231e-08 1.909626e-01 0.00 0.4444730086581741 -0.03940583926181416 0.16079074002170451 0.5615471381223595 339.43851894356175,343.43814137341496,347.4374217258544,351.43735044549436,355.4368688755463,359.43673892704265,363.4364592508207,367.43663963667734,371.4364820510627,375.43670797456565,379.4366466219199,383.43696708056024,387.43687505956416,391.4372161440701,395.4371307883313,399.4372209125979,403.43719024635516,407.43726543180173,411.4371632196506,415.437089400448,419.4370492096035,423.4368979829879,427.43636364615924,431.43617836711513,435.4352097204739
1.142778e-08 1.142778e-08 1.914463e-01 0.00 0.4444730086581741 -0.03940583926181416 0.16217342184756636 0.5615471381223595 339.4389996141208,343.4386366440942,347.43790879031604,351.4378588412068,355.43735714334207,359.43725455075963,363.43697459858737,367.4371670154116,371.43701560375854,375.43723032537895,379.4371907330804,383.4374963015064,387.4374345545147,391.43777637965104,395.43767418817,399.4377779367278,403.4377608030308,407.4378278285557,411.43774228752955,415.43767981430085,419.43763676176746,423.4374892075572,427.43696281228085,431.43678746884086,435.4358071773833
1.139584e-08 1.139584e-08 1.907254e-01 0.00 0.4444730086581741 -0.03940583926181416 0.16013231295369668 0.5615471381223595 339.4382821464723,343.43791491438253,347.437172350963,351.4371130853388,355.4366037485994,359.43649153747793,363.43620324086237,367.4363794579805,371.43622400805543,375.43644848234567,379.4363868808184,383.4366903113681,387.43660396719974,391.4369452013949,395.4368398408044,399.43694274008203,403.4369126340279,407.4369825386975,411.4368844517611,415.436820845715,419.4367689297058,423.436612571304,427.4360724719573,431.43588460022414,435.4349171805787
1.135226e-08 1.135226e-08 1.913085e-01 0.00 0.4444730086581741 -0.03940583926181416 0.16176267675041836 0.5615471381223595 339.43885328905395,343.43849564437835,347.43775747747713,351.4376995777769,355.43722684622503,359.437095424378,363.43682867173555,367.4370144633387,371.4368595997416,375.43708223169847,379.43703254377516,383.4373429549614,387.4372642245404,391.4376172931336,395.4375227215165,399.43762196276765,403.43759830817476,407.43766562878426,411.4375768958836,415.43751960833913,419.43747503772636,423.4373329300079,427.43678297471894,431.4365994272759,435.43562494076843
1.139023e-08 1.139023e-08 1.910960e-01 0.00 0.4444730086581741 -0.03940583926181416 0.1611686592447077 0.5615471381223595 339.4386496322444,343.43828990260283,347.4375616376761,351.4374932083704,355.4369938676019,359.436883216295,363.43660040300153,367.43678712914914,371.4366271777555,375.4368516102572,379.4368043829873,383.4371098126757,387.4370354402876,391.43736718397093,395.4372723168604,399.43737491489065,403.4373502226918,407.43742434670696,411.43731516814194,415.43724777748963,419.43721916009895,423.4370640629005,427.4365212558564,431.43634110134604,435.4353651700678
1.146972e-08 1.146972e-08 1.918536e-01 0.00 0.4444730086581741 -0.03940583926181416 0.16334370945123478 0.5615471381223595 339.439395221085,343.4390434190602,347.4383276102309,351.4382712905373,355.43778526993583,359.43768714212973,363.4374146515142,367.4375998128205,371.43744873311033,375.4376879583652,379.4376371169588,383.43795499766736,387.43789019612825,391.43823685407204,395.4381502610622,399.438256294957,403.4382416620802,407.43831132421377,411.43822282133647,415.43817135691086,419.4381203427535,423.4379861872867,427.4374391120527,431.43727292884716,435.4363144917999
1.137332e-08 1.137332e-08 1.916575e-01 0.00 0.4444730086581741 -0.03940583926181416 0.16277925223822412 0.5615471381223595 339.4392085698251,343.43884701002617,347.43813046516397,351.4380717058201,355.4375848643711,359.4374742969935,363.4371975196688,367.43738946272464,371.4372493418445,375.43746871715723,379.43741840719616,383.4377382249986,387.43765877576556,391.4380173555622,395.4379207851072,399.4380187738492,403.4380077085718,407.43808041078574,411.43798174026364,415.4379307919792,419.43790797369934,423.4377571698817,427.43721272886745,431.43702756345726,435.43606230788913
1.142066e-08 1.142066e-08 1.921348e-01 0.00 0.4444730086581741 -0.03940583926181416 0.16416927627753897 0.5615471381223595 339.4396811731905,343.4393334565274,347.43861141794184,351.43855585522624,355.4380850786545,359.4379740839779,363.43770912133107,367.43790638490105,371.4377601899219,375.4380027328195,379.43794509019455,383.4382796133416,387.4382031132011,391.438558313097,395.4384689672214,399.4385712203879,403.4385582788838,407.4386437258945,411.4385598175753,415.4385073076538,419.4384766842371,423.43833286916055,427.4377920134964,431.43763448833533,435.4366520146414
1.125224e-08 1.125224e-08 1.902490e-01 0.00 0.4444730086581741 -0.03940583926181416 0.15879953958863718 0.5615471381223595 339.43781596764745,343.43743259737545,347.43668835865793,351.43661289465456,355.43612169188896,359.4359876376547,363.4356943611636,367.4358722434931,371.435706218344,375.4359242528587,379.43585813206556,383.4361608030762,387.4360647544456,391.436400694273,395.4363043136624,399.4363872127003,403.4363468975897,407.43640690776834,411.4363128661584,415.43623212229704,419.43618915532466,423.4360468146291,427.43548590594565,431.43531342548755,435.4343210132165
