1.235701e-04 1.235701e-04 2.358989e-01 0.00 0.4507875577275846 -0.03940583926181416 0.16336760287147203 0.5646511389848422 336.38074046341865,340.3907922945212,344.40146687197864,348.4119400053496,352.4228941061925,356.4336233847203,360.4446501569401,364.4554972879272,368.46684112310726,372.477801924659,376.4891617235355,380.50017652795214,384.51159935023225,388.5226908102596,392.53401671972,396.54510261833576,400.55652170972905,404.56751250572927,408.57881326511557,412.58979316787605,416.6008762759866,420.6118042895168,424.62271225400536,428.63335433086525,432.6443003415922
5.734233e-04 5.734233e-04 1.825081e-02 0.00 0.43176542432775117 -0.03940583926181416 0.16336760287147203 0.5651293631321938 341.377349489545,345.35268236198135,349.3287424200811,353.3044907814347,357.2805807385571,361.256324387439,365.2324951550546,369.20843350022204,373.1848093684777,377.16091290830565,381.1372101104606,385.11307875578234,389.08944866856365,393.0654312006241,397.0418220839654,401.0178140052231,404.99382159462886,408.96973154865884,412.9457099610454,416.9215644250656,420.8974525785852,424.8727670920144,428.84849812460897,432.82381465989323,436.79956807609364,440.7736174256256
3.439942e-04 3.439942e-04 1.091204e-01 0.00 0.43425908190269985 -0.03940583926181416 0.16336760287147203 0.5559312009044572 341.8295736259746,345.8104407523591,349.79173178439817,353.7726851530131,357.7541088140372,361.7352149235249,365.71677157997937,369.698077959786,373.6797031738834,377.6611209379915,381.6427816580547,385.6241493747925,389.6058374097733,393.5871350515117,397.56908718372256,401.55027702871143,405.53179507357913,409.51308835683267,413.49455915084565,417.4756255286039,421.4570558278684,425.43793434185653,429.4190322972612,433.3997255202217,437.3808769633934
1.868203e-04 1.868203e-04 9.900685e-03 0.00 0.43699945761657377 -0.03940583926181416 0.16336760287147203 0.5591909053561521 342.25998505817023,346.245766269512,350.2319769854792,354.2179357992966,358.20425500922164,362.19035332516245,366.17696015014405,370.16326498840164,374.1498734379989,378.1360620222677,382.12272101172476,386.10904433102786,390.09565923073075,394.0820698101813,398.06868011317977,402.0549301980046,406.0414834322388,410.0275150141025,414.01402337733475,418.0000699117016,421.9863359450054,425.9723854062686,429.95844062257027,433.9437837985384,437.92989164104586
6.701837e-04 6.701837e-04 5.270892e-02 0.00 0.4306748567277297 -0.03940583926181416 0.16336760287147203 0.5609476377912154 341.21567110308314,345.1894953434545,349.1635596646857,353.1373099248877,357.11166994179024,361.08577253307124,365.0600778444469,369.0342056230168,373.0085889958659,376.9829208866069,380.95743139827107,384.9315533861197,388.90604119760917,392.88016032010313,396.85476994262376,400.8288732236859,404.80331737100926,408.77716570186107,412.7514819203022,416.7254106138641,420.6996007412104,424.67318405223665,428.6470721311913,432.6206174202166,436.59455507652086,440.5666380287574
3.203671e-04 3.203671e-04 5.511115e-02 0.00 0.45469844279056076 -0.03940583926181416 0.16336760287147203 0.5654176160577251 336.95523830709743,340.97207318735366,344.9897115363218,349.00686182218345,353.02461437533987,357.0421354367759,361.06004324991693,365.0777498066198,369.0957281608201,373.1134669642247,377.1315998747309,381.1494853671727,385.1677390579929,389.1855035958587,393.20374021033604,397.221640866464,401.23988527802425,405.25764324251253,409.275784757122,413.29346241560836,417.3115288533508,421.32913606095565,425.346989358891,429.36444425124114,433.38311411087227
2.457626e-04 2.457626e-04 2.558584e-02 0.00 0.43623563757403033 -0.03940583926181416 0.16336760287147203 0.5663569701580418 342.103846533745,346.0877116995819,350.07201462844057,354.05611855554054,358.040756652984,362.0249035543725,366.00958295802667,369.9937342896531,373.97843698936333,377.96296764237877,381.9477529499274,385.93205725257025,389.91682111874525,393.90120137282577,397.88600677238827,401.87027351253465,405.85488290034897,409.8392386335682,413.82366590084706,417.8076727177395,421.7919783774214,425.7759063638812,429.76013707284943,433.74377397877765,437.7277065128111
3.209574e-04 3.209574e-04 1.399003e-01 0.00 0.43505048268156704 -0.03940583926181416 0.16336760287147203 0.5664375119951722 341.91075119528165,345.8923031146463,349.87443383578983,353.85626549842976,357.83861374092874,361.82055034647806,365.80301195894134,369.7850232910778,373.7674093311616,377.7496477138235,381.73220798039483,385.71444820080075,389.69685082931477,393.679053267146,397.66143371978177,401.6434855067295,405.6259133131777,409.6079407903188,413.5902633131224,417.57198067108305,421.5540298717495,425.5358129275793,429.5177384668798,433.4991231532857,437.4808710052276
1.824562e-04 1.824562e-04 1.177781e-02 0.00 0.43699039336790546 -0.03940583926181416 0.16336760287147203 0.5565080031541021 342.2710464968794,346.25696631997954,350.2433599671687,354.2292887511539,358.21586065504437,362.2021388506439,366.18884620926025,370.1751935531653,374.1619407805868,378.1484451372617,382.13517668015953,386.1216728364202,390.1084489240892,394.09503220578586,398.0817823529258,402.06827032152165,406.0549429557614,410.04126539777184,414.0278237592773,418.0141394297174,422.0005601852337,425.9867091163661,429.97286016400335,433.95858724681165,437.94489010998103
4.601053e-04 4.601053e-04 1.152846e-01 0.00 0.43317031926157484 -0.03940583926181416 0.16336760287147203 0.5679490176565026 341.596222451665,345.5741075435029,349.5526009264392,353.5307822536709,357.5093869951913,361.4877259231159,365.4663922122137,369.44488537914924,373.4237512420831,377.40224107242994,381.3810242964497,385.3594803772619,389.3384071425029,393.31684671949114,397.2956902410369,401.27407728127895,405.2527528883644,409.23107921563064,413.20968899456943,417.1878585719875,421.166312008465,425.14406007739416,429.1223535183223,433.1001213170831,437.07827731853433,441.05513122853574
1.707184e-04 1.707184e-04 2.300547e-02 0.00 0.4376469905409752 -0.03940583926181416 0.16336760287147203 0.566988433442463 342.3293098389834,346.31573136783277,350.3027838950363,354.2894401237039,358.2766282210441,362.2633576916646,366.2506802536491,370.23749821886787,374.2248881683565,378.2118241923364,382.19923750056273,386.1864037388266,390.17364452874705,394.16062866480274,398.14787753781854,402.1348499182444,406.12216982576626,410.1090860087956,414.09611062264145,418.082762313502,422.0695480299143,426.0561464315509,430.0427890884402,434.0293162020154,438.01580213398864
8.664103e-05 8.664103e-05 1.342647e-01 0.00 0.4495260475011849 -0.03940583926181416 0.16336760287147203 0.5574438383040751 336.22315830122005,340.23166771734293,344.24067879185486,348.2492280207933,352.25841984031734,356.26730901004794,360.27671894935355,364.2857773842266,368.29524713202244,372.3044882022811,376.31396258542264,380.32326513401733,384.33290570888306,388.3421226907299,392.3517745383092,396.3610084421851,400.3705912812021,404.37992029196363,408.38951225107485,412.3987106198295,416.4080845676425,420.417191545599,424.42650505585635,428.43545239522916,432.4444571378103
3.545408e-04 3.545408e-04 1.045984e-01 0.00 0.4548784677364821 -0.03940583926181416 0.16336760287147203 0.5560088523496938 337.02198480262615,341.0397501054765,345.0581863769839,349.0763291024369,353.09498836506265,357.11324646867246,361.1321889799346,365.1505902908964,369.16966984061963,373.18820104942733,377.207265951498,381.22609645395556,385.2452211300612,389.26407375091526,393.2830923513535,397.3018758218357,401.32108853914633,405.33982863351605,409.35881791941165,413.3775799971036,417.39646617573817,421.4151522919694,425.43377815266524,429.45228620931255,433.4716365898076
1.050675e-05 1.050675e-05 1.330461e-02 0.00 0.4425624297599926 -0.03940583926181416 0.16336760287147203 0.5571649476784956 339.16192192732956,343.15839252614154,347.15439611746916,351.151094173198,355.1474002463762,359.1441967850984,363.1408122475077,367.1377761446404,371.13438203589067,375.1315197645687,379.1282927575103,383.1252753448909,387.1219860425365,391.11898151648893,395.115814807153,399.11289079750316,403.1095807042711,407.106699146064,411.1032844089234,415.10014957217896,419.0966707041082,423.0933139173721,427.08971099188506,431.08617504386956,435.08215374137995
1.078934e-04 1.078934e-04 2.159991e-01 0.00 0.45039512738634596 -0.03940583926181416 0.16336760287147203 0.5652694153966322 336.31970120160497,340.3289183319617,344.3388834773122,348.348603828893,352.3588953343988,356.3687514369475,360.37909213344204,364.38921562769656,368.3996816996352,372.40998154219847,376.4205660356166,380.4308844767201,384.4416023705131,388.452006011388,392.4625874587719,396.4729105842974,400.4835927813907,404.49392114238606,408.50446355511826,412.51460725895197,416.5250569127127,420.53528572529575,424.5455881364866,428.5553140896996,432.5654876259893
1.044654e-04 1.044654e-04 1.745132e-01 0.00 0.4386966501972238 -0.03940583926181416 0.16336760287147203 0.5549878211556444 338.5631290262604,342.5529253894563,346.5420340947151,350.53173342921866,354.52119978227057,358.5109420867014,362.50043899515794,366.49033208556057,370.47997659842343,374.47007027517395,378.4598813458454,382.4499807410905,386.43973245908944,390.4297292332429,394.41964099691717,398.40956714513794,402.3994539867997,406.38945347162763,410.3790836244466,414.3689065170181,418.35842215903347,422.3480627313181,426.33758720325443,430.32715612087424,434.316347147442,438.3059469658835
5.543582e-04 5.543582e-04 7.482456e-02 0.00 0.45794427192082054 -0.03940583926181416 0.16336760287147203 0.5646146836843009 333.4078965302154,337.4307768224174,341.45324338267926,345.4764384029825,349.4993247317292,353.5227040790621,357.54584459864947,361.56940836251874,365.592592621831,369.61640022676283,373.63971674351484,377.66357933898223,381.6870846115329,385.7109502556321,389.7345033325622,393.75842986441023,397.7818851582388,401.8057386635389,405.8293175122867,409.8529478879888,413.87644551504104,417.90000473679765,421.9233700853774,425.9468400547082,429.96997047531147
3.658883e-04 3.658883e-04 1.226884e-01 0.00 0.4553962665851442 -0.03940583926181416 0.16336760287147203 0.5651787834305766 337.05822639038803,341.07636824727234,345.0951408311226,349.1136606654483,353.13257816477613,357.15127133823927,361.17046305737983,365.18930567322604,369.2086088233413,373.2276066015465,377.2470562763029,381.26605724267966,385.2855893797577,389.3045707217209,393.3240958839707,397.34325075455035,401.36255789916737,405.38163583576494,409.4009688158255,413.4199716679354,417.43922034895087,421.4579640273185,425.47720053949473,429.4956682188769
2.964147e-05 2.964147e-05 1.238072e-02 0.00 0.4413621063170815 -0.03940583926181416 0.16336760287147203 0.5567421538690642 338.9761424468213,342.97023049802056,346.9642143706134,350.95855803786526,354.9527229981202,358.9474061640799,362.94175114686664,366.93654703474215,370.9310766488042,374.9259728247237,378.92061654696613,382.91537227305076,386.90997520345553,390.90489608891806,394.8994565032612,398.89425201854607,402.88901204723436,406.8836803879874,410.87828858025676,414.87290376576027,418.8672555838334,422.86172421241594,426.8559926853059,430.85022630701525,434.84424913218527
5.911800e-04 5.911800e-04 4.643620e-02 0.00 0.458318109900602 -0.03940583926181416 0.16336760287147203 0.5625268543809111 333.4695938960103,337.4934335653098,341.5168508061322,345.540711000508,349.5642649289416,353.5884802828955,357.61226838289576,361.6366943412362,365.6606165915821,369.68524568214497,373.70934457360187,377.7339008749351,381.75823314398514,385.782760319119,389.8071928732647,393.83177336922955,397.85606243712925,401.88070172343305,405.90490940406363,409.92947241745554,413.9536688041798,417.9780666962159,422.0021777384945,426.0264250899091,430.05034747558807
4.094338e-04 4.094338e-04 2.102188e-01 0.00 0.4560592612746914 -0.03940583926181416 0.16336760287147203 0.5656897684574375 337.1527618074201,341.1719620624533,345.1919766304623,349.2113610315691,353.23154443057723,357.25139741421003,361.27170596034404,365.2917088242588,369.31203851545797,373.3321078921452,377.3526389276131,381.37288121400076,385.3933369949974,389.4136449511371,393.4341326605142,397.4544249144317,401.47496031289154,405.495065481406,409.51552217297973,413.5356501274545,417.55593500486947,421.57582136297697,425.59600637691597,429.6157868401175
5.892722e-04 5.892722e-04 1.629572e-02 0.00 0.43160309730128577 -0.03940583926181416 0.16336760287147203 0.56443783856012 341.353634026549,345.32883046752505,349.30450334453747,353.2799518108515,357.25578783597194,361.2312376129496,365.2071823742559,369.18291412119777,373.1590037849254,377.13466238214323,381.11069454694785,385.0864468852458,389.0626211782355,393.0383622417976,397.0143107841199,400.9900061618991,404.96585238960375,408.94150587943284,412.91731015878196,416.89277311402503,420.8683974499231,424.84354621317976,428.81912488708707,432.7940485158491,436.7694118315698,440.7431262830903
3.399159e-06 3.399159e-06 6.565457e-02 0.00 0.44337349380805496 -0.03940583926181416 0.16336760287147203 0.5580288318718236 339.28423918769766,343.28224622482173,347.2797766819585,351.27784852822083,355.2757116835195,359.27391465401513,363.2718032912895,367.27011933341464,371.2682252369022,375.2667153880235,379.2647693922916,383.2634286321655,387.2616196269183,391.26010694597693,395.2583024736707,399.25684442706626,403.2549250336231,407.25329581288696,411.25131822097813,415.24963761040414,419.24753614716894,423.2457432477798,427.24357095306385,431.241468848286,435.23920692364874
1.222845e-04 1.222845e-04 1.164715e-01 0.00 0.43839934038028827 -0.03940583926181416 0.16336760287147203 0.5591381155413169 338.4965366619448,342.4859812636297,346.4742671016094,350.4631397438994,354.4516999957311,358.44056787691665,362.429453267754,366.4185158315643,370.4074340806948,374.3967086570103,378.38562712870646,382.3748650774484,386.36368257461413,390.3529447200599,394.34201069693955,398.3313014575309,402.32013904297423,406.30926036230545,410.2980049643817,414.2870016465162,418.2757008124281,422.26471086974317,426.2531829529118,430.24190222065636,434.23009724734874,438.2186603571443
2.587701e-04 2.587701e-04 1.073672e-02 0.00 0.4536810701312319 -0.03940583926181416 0.16336760287147203 0.5656357260083363 336.8049218172616,340.81997124984065,344.83588426097185,348.8512289663686,352.86730344453,356.8829714177376,360.89899620451865,364.91489623822383,368.9312960742939,372.94723487845533,376.9635891707411,380.97964683990904,384.9960557420032,389.0122563916333,393.02851630083074,397.04458697553815,401.06107694366756,405.0771116101813,409.09334964143864,413.10935630151164,417.12565603112864,421.14142700052753,425.15745567498885,429.173073750634,433.1889613903545
2.123945e-04 2.123945e-04 8.039285e-03 0.00 0.43650524289692905 -0.03940583926181416 0.16336760287147203 0.5578030852598138 342.1864520157792,346.17131240382054,350.15666383935934,354.14179534452387,358.1274053318133,362.11266995934244,366.0983639969518,370.083782541042,374.06949699070753,378.05492863253244,382.0406864481786,386.0263437252339,390.0120323424494,393.99756396083853,397.98328866267815,401.96873792749227,405.95446376881,409.9397857880607,413.92543224203513,417.91066806525356,421.89608284988657,425.8810993219179,429.86629996736895,433.85116813077695,437.836468756363
3.065089e-04 3.065089e-04 4.129661e-02 0.00 0.4541820651612829 -0.03940583926181416 0.16336760287147203 0.5574686633298767 336.91359596284457,340.929997813809,344.94708185273623,348.96391477543455,352.98126353926705,356.99824371064244,361.01585653870256,365.0331296029277,369.05072422359035,373.06809070329786,377.08575484480093,381.10330217206837,385.121191168661,389.1386770821306,393.1564257235457,397.173962764816,401.1917403809837,405.20927546095953,409.2269311049128,413.24440749018294,417.26194694346594,421.2793011817153,425.29675440538733,429.3138709063029,433.33131670035124
9.694437e-06 9.694437e-06 1.688676e-02 0.00 0.442674051698957 -0.03940583926181416 0.16336760287147203 0.5578332190802086 339.1763572473507,343.1728613212761,347.1691639655342,351.1659651532934,355.1624412539816,359.1593974306077,363.15604374815797,367.15326840499455,371.15007648421295,375.14749576027157,379.14418643407305,383.14114002239273,387.1382971150344,391.1355319811493,395.1325157339951,399.1296466910207,403.12666961079157,407.12373475518433,411.1205634964302,415.1176699954994,419.1142771300544,423.11103992705836,427.10771506548116,431.1043265297355,435.1005184213827
3.519185e-04 3.519185e-04 2.252697e-01 0.00 0.43418166656705603 -0.03940583926181416 0.16336760287147203 0.5549388836068859 341.82161004082593,345.8023181408758,349.7835669218707,353.7643387658543,357.7457132860629,361.72675850572654,365.7083239726667,369.6895455320045,373.6711573951907,377.6522955303122,381.63395398012824,385.61526074554575,389.59694038411936,393.5781800858982,397.5598571500219,401.54105396237316,405.52239902204013,409.5035986394955,413.48505833928203,417.4662085457343,421.44739969580405,425.42825876633896,429.4092828517398,433.39002103284344,437.3710485795884
4.367994e-04 4.367994e-04 1.253298e-01 0.00 0.43336973632329584 -0.03940583926181416 0.16336760287147203 0.563425073462925 341.6493448336051,345.6279166879994,349.60702764609215,353.5857782933823,357.56514851285704,361.5442517629936,365.5235367303373,369.502577489918,373.48213900897844,377.46138670856203,381.440878859674,385.42005053230946,389.3994795933887,393.3786337255714,397.3581537157037,401.3373336455916,405.3166789249146,409.2956943229603,413.2748402957057,417.2537380994799,421.23306736865607,425.2115820421612,429.1904018927637,433.1689758567828,437.1477576896327,441.12581227476124
3.596156e-04 3.596156e-04 1.144215e-01 0.00 0.4554097154326614 -0.03940583926181416 0.16336760287147203 0.5680639057254832 337.04812894349595,341.06614653851256,345.0848034590785,349.10300170110315,353.12193875170806,357.1404226285394,361.15952232136567,365.1782641566614,369.1973824903979,373.2163063595407,377.2354154852672,381.254312161875,385.2737793590568,389.2925936354541,393.3118520251841,397.3308299789816,401.3500314228599,405.36894439399134,409.38808020987534,413.4069376159373,417.42585287016453,421.4447591684719,425.46352669252565,429.4820100282509
2.481475e-06 2.481475e-06 8.645185e-02 0.00 0.44379988985565333 -0.03940583926181416 0.16336760287147203 0.5654730789378903 339.3176242787566,343.3158256288309,347.31376715192687,351.3120899959435,355.3102282949362,359.30878391466445,363.3070311289067,367.3056975238753,371.3040789349841,375.30280741376356,379.3013413796744,383.30007528996555,387.2985833071536,391.297413244964,395.2959339241245,399.294809222953,403.29311571142085,407.2917162725582,411.2901385303176,415.28870528567654,419.2868658994133,423.28515565273324,427.28324367087464,431.28144753418445,435.2793008816571
3.147978e-05 3.147978e-05 1.609278e-02 0.00 0.44125666812521297 -0.03940583926181416 0.16336760287147203 0.5567959145379661 338.9593430062543,342.9532631447053,346.9469374522387,350.9412905844992,354.93525533258224,358.92969282457,362.9238483349926,366.91847465628166,370.91272879895223,374.90744849525214,378.9017707159166,382.8965052492438,386.8908001421193,390.8855141841434,394.87991348960486,398.87457217104793,402.8689847365934,406.86364242140684,410.8579041745422,414.85236867555915,418.8465450120773,422.840770763871,426.8348088523504,430.82896130325236,434.8227469733245
1.722972e-06 1.722972e-06 9.441850e-02 0.00 0.4436266592228104 -0.03940583926181416 0.16336760287147203 0.55730956002893 339.32695787210685,343.3252477190666,347.32329880301756,351.3219972730184,355.32026665335985,359.3190146749848,363.3175281211252,367.3163752997483,371.3148906271756,375.31389951950234,379.31255436772176,383.3115074387245,387.310230091354,391.3093559220508,395.308057101886,399.3070143410829,403.3057572588883,407.30455651750185,411.30316982603966,415.30186550088047,419.3003928625186,423.2990479283955,427.2972783608232,431.2957854232883,435.29391331308057
3.040526e-04 3.040526e-04 4.228526e-02 0.00 0.4544714978365339 -0.03940583926181416 0.16336760287147203 0.5664857100277911 336.91746346243957,340.93385630999586,344.9509869947483,348.96776471410976,352.98505082048763,357.0018860763,361.01945884083995,365.03669325281345,369.05437761265694,373.0716115927812,377.08934860851156,381.10672054549485,385.12440209436505,389.1418827387401,393.1596521497845,397.1770616267577,401.1947670409845,405.2121923642676,409.2298028515919,413.2471861868295,417.2645978303509,421.28175705415913,425.2990730803634,429.31612050452077,433.3339546101356
1.888452e-04 1.888452e-04 8.432083e-03 0.00 0.4368131684725045 -0.03940583926181416 0.16336760287147203 0.5550439219652432 342.2491591820938,346.2348277298119,350.2209407722584,354.2067711465413,358.1929996161289,362.17907929765835,366.16564104478067,370.1516956951375,374.138277509907,378.12443831760606,382.11090606066983,386.0972544754932,390.08379140249417,394.0702408603078,398.0566906145171,402.04276097922866,406.0291552554302,410.0154171879461,414.0017223143632,417.9877674204096,421.9739934291369,425.95997528838546,429.94576945392635,433.93140312715735,437.9174822499493
1.249141e-04 1.249141e-04 2.004324e-01 0.00 0.4508345600349456 -0.03940583926181416 0.16336760287147203 0.5642773779051224 336.38942408311607,340.3994236721267,344.4102573915982,348.42078368805244,352.43195772426975,356.4426637493906,360.45390079901705,364.4648347884756,368.4762527864847,372.4873619984607,376.49880576627453,380.5099013643622,384.52138339243334,388.5326480905513,392.54417834968996,396.5553147985008,400.5666446705482,404.5778845383767,408.5892774355043,412.60024339361405,416.6116656254467,420.62256072776114,424.63362081213256,428.64442012633816,432.65540106312443
3.804893e-05 3.804893e-05 3.190198e-02 0.00 0.4410989486439388 -0.03940583926181416 0.16336760287147203 0.5603031176633411 338.91884736068494,342.91216729188636,346.90533641462474,350.8990541184057,354.8925409480038,358.88642530219295,362.8802701063312,366.8743467233248,370.86794780587434,374.86223384327997,378.8560978257128,382.8501609103027,386.8440177346219,390.83831494947214,394.8321134626137,398.8263028424392,402.82015469661883,406.81421404252467,410.8079473809951,414.8019011951952,418.7954484735347,422.7891645747,426.78272639423955,430.77632615410784,434.7695673032322
3.808247e-05 3.808247e-05 4.613072e-03 0.00 0.4478093914303355 -0.03940583926181416 0.16336760287147203 0.5583851946830577 335.96083268924366,339.96639548242604,343.9721681622659,347.97772798579985,351.9837890279458,355.98967784176074,359.99591001863746,364.0017806837655,368.0082030044657,372.0141784365976,376.02070026958336,380.0267184170095,384.03331116739076,388.0393657345593,392.0459270995219,396.052172416999,400.05864283881266,404.06476944801466,408.071344450525,412.07732284720385,416.08363499487035,420.08948465799284,424.095582087994,428.1014084663538,432.1074059296842,436.11341490257473
3.942709e-04 3.942709e-04 2.109604e-01 0.00 0.43364639512496417 -0.03940583926181416 0.16336760287147203 0.557045548159184 341.72414599736254,345.7036563934344,349.6836014056935,353.66336715126073,357.6437049087629,361.6236206134864,365.60392923108424,369.5839365911584,373.56432668872947,377.5444138890117,381.52488213735774,385.505081938763,389.48550348072894,393.46566899273614,397.44601794669023,401.4261563863477,405.4065673585584,409.386623868199,413.3667075974082,417.3465857697581,421.32671915383725,425.30642738597356,429.28644576205136,433.2658020474268,437.2455493205126,441.2248423594992
2.972341e-04 2.972341e-04 1.043786e-01 0.00 0.43500547618049845 -0.03940583926181416 0.16336760287147203 0.5555483124083548 341.9533766104447,345.9354311553294,349.9181168337933,353.9005508954546,357.8835450159066,361.86621336044226,365.8491548994482,369.8317833870683,373.8148798668314,377.79762487125004,381.78072676907624,385.7636323959546,389.7467568005632,393.7296042503136,397.7125273304553,401.69535238303985,405.67838610793615,409.66106108205156,413.6440997326842,417.62663311748116,421.60931265451717,425.5918588381561,429.5743122069653,433.55658109180274,437.5391581374601
5.214053e-04 5.214053e-04 1.099852e-01 0.00 0.45761614396809464 -0.03940583926181416 0.16336760287147203 0.5668611993885054 333.35163622618785,337.373791132371,341.39567031245406,345.41824308452567,349.4402416082155,353.46308188020754,357.48542515158977,361.50834910017517,365.53102050140006,369.5540172105204,373.5767265428287,377.5998785435465,381.6226201613208,385.64576547262163,389.6685279963223,393.69173425473616,397.71461154435974,401.73768031300307,405.76042647433104,409.7835050074786,413.80620153051944,417.8291497234476,421.8516730793817,425.8744307169554,429.8968915943058
4.158867e-04 4.158867e-04 2.164115e-01 0.00 0.45588837334860144 -0.03940583926181416 0.16336760287147203 0.5587347716654963 337.15751587912433,341.1768785844012,345.1969298164239,349.2165822419398,353.2367739215148,357.2566952266782,361.27711761693297,365.297220187497,369.31775600795606,373.33803260343524,377.35870629153584,381.37895473280935,385.399642697301,389.42004181731056,393.4407385990262,397.4610288483042,401.4816634922188,405.50210416714685,409.52276107593804,413.5429443700271,417.5634905133607,421.5836747089418,425.60392262513545,429.62399207692465
2.266885e-04 2.266885e-04 1.151068e-02 0.00 0.45287246647405877 -0.03940583926181416 0.16336760287147203 0.5599085831767749 336.7101582898813,340.724187022211,344.73897011420905,348.7532785152646,352.76817563752365,356.78276094082986,360.7978910887992,364.8126874546728,368.82791667253235,372.84283104340176,376.85819846416774,380.8731023945782,384.88851863942654,388.9035763691032,392.91903876676633,396.9341089318016,400.9494089260342,404.96440191468406,408.97975658104883,412.99460662239215,417.00979988228227,421.0247148627705,425.0397717961517,429.05427013103855,433.0692740014781
1.525702e-04 1.525702e-04 4.652736e-02 0.00 0.4378558902224819 -0.03940583926181416 0.16336760287147203 0.5621431226945417 338.3966613013939,342.3848396897004,346.3718872833416,350.35951066234355,354.346874741124,358.3348472893023,362.3222387824018,366.3102468911349,370.29789452746115,374.2858782529284,378.27343793526046,382.26162700023787,386.2494044943127,390.2374222550373,394.22514913189497,398.2131751761155,402.20080366813613,406.18866133763754,410.1762949548229,414.16424637642046,418.1515900817581,422.13916996667336,426.12647819656485,430.1138948509901,434.1009626967585,438.0882216840084
1.893950e-04 1.893950e-04 9.817992e-03 0.00 0.4371516279961531 -0.03940583926181416 0.16336760287147203 0.5646260645220804 342.25999705242816,346.24556468086297,350.2318855269039,354.2176883158249,358.2039499877542,362.1900626472462,366.1765378506263,370.16272495808596,374.14919463196526,378.13545382012023,382.122032240536,386.108236003794,390.09485760694076,394.08112721041925,398.0676966402847,402.0538613410994,406.04020465498456,410.0262504820223,414.0126366067755,417.99858916277,421.98477693885957,425.97058386917104,429.95653123006736,433.94204730873923,437.92781582566033
2.292451e-04 2.292451e-04 1.601145e-02 0.00 0.4361730828766614 -0.03940583926181416 0.16336760287147203 0.5569661060105063 342.13644413086945,346.1207384563241,350.1056147567878,354.09021176077295,358.0752401973582,362.05987027752207,366.0449485060545,370.02974427472145,374.01505604953604,377.9999129464418,381.9851918787531,385.9700845155468,389.955215876991,393.9401409417141,397.9252937727185,401.91026697930187,405.89540537588516,409.8801039659479,413.8652904812153,417.8498220326037,421.8346199302197,425.81921375034443,429.803831825642,433.78819833835684,437.7728535937914
5.881670e-04 5.881670e-04 1.911268e-02 0.00 0.4317738424960379 -0.03940583926181416 0.16336760287147203 0.5678841288812212 341.36629829134483,345.3414935174503,349.3173861537782,353.2928973022147,357.26896462171885,361.2444941505649,365.2205684062318,369.1963594594881,373.17256624462635,377.14845135347343,381.12460437821557,385.1003563117006,389.07659424767655,393.0523618112768,397.0285607373393,401.00431168631815,404.9802926323495,408.9558593210292,412.93180632816075,416.9073880870043,420.8830675234048,424.85846753933333,428.8339018117849,432.8089851248273,436.78456106459436,440.75836817145984
1.289390e-05 1.289390e-05 3.861159e-02 0.00 0.4466017678521485 -0.03940583926181416 0.16336760287147203 0.5648644525350139 339.752890379274,343.7562490625784,347.7590887690911,351.7627406260886,355.7660502263275,359.7697256405974,363.77298027710907,367.77674080019267,371.78027066997294,375.78420724094775,379.78772510391764,383.7916323741103,387.79518490667056,391.7990881947139,395.8027355369296,399.8065773066193,403.8102661191977,407.81398071322405,411.8175257653995,415.8210655682505,419.824405618227,423.82801058078,427.8311013405325,431.83438239810323,435.8371987469757
1.390790e-04 1.390790e-04 1.472907e-01 0.00 0.4512847719430935 -0.03940583926181416 0.16336760287147203 0.5669339085685722 336.44496988008245,340.4557498997484,344.4672947249318,348.4784889145019,352.49010380304037,356.5015183455204,360.51350198990383,364.5250160915463,368.53698260535145,372.54869266665145,376.56092812125786,380.57268231908336,384.5848420374102,388.59666373073566,392.60869228989594,396.62062775308647,400.6325958330942,404.64443034032485,408.6564306061747,412.6681271829958,416.6799622965646,420.6914650763181,424.7032090975884,428.71454344291465,432.726012341356
3.572370e-06 3.572370e-06 1.430423e-01 0.00 0.44529184776007447 -0.03940583926181416 0.16336760287147203 0.5549398810019247 339.5956193424759,343.5970480204701,347.59826347557834,351.6000611140547,355.6014817541905,359.6033786898462,363.6050883076064,367.6072026918752,371.6088758314528,375.61102611833854,379.6128913838294,383.61505550781084,387.6169448724825,391.61903549830197,395.62099163219136,399.623154112,403.6250102471957,407.62712745413006,411.6289468525462,415.6308413657897,419.63268274260673,423.6343678151052,427.63585539030686,431.63752261815205,435.63876162781185
1.226538e-05 1.226538e-05 4.559329e-02 0.00 0.4461919114966177 -0.03940583926181416 0.16336760287147203 0.5547365427962315 339.7350901701826,343.73827654997234,347.74108353424305,351.7444926858618,355.7476083179513,359.75127470293137,363.75445026548283,367.75809892956215,371.7613858745548,375.76520513584575,379.76875729232717,383.772507642698,387.77607536292334,391.7799712021458,395.7835439588827,399.787261173872,403.79080936969353,407.79455036400867,411.7980283019186,415.80158324395643,419.8048325116312,423.80829933904784,427.81141661887034,431.8147376599953,435.8177615417094
4.115609e-06 4.115609e-06 1.303989e-01 0.00 0.44547896523481645 -0.03940583926181416 0.16336760287147203 0.5579934020385434 339.6107033728097,343.61227864841106,347.6136724388299,351.6155385933737,355.6171300938136,359.61924859838973,363.62097710787395,367.62318760293834,371.6252143080444,375.6273963200137,379.62944745681494,383.63171982484397,387.6337046397985,391.63611169476405,395.6380450554104,399.64027353935467,403.64239261589825,407.64448311464014,411.64654719869384,415.64858618505764,419.6505121768015,423.65240320575487,427.6540831499968,431.65579237924027,435.65723106377715
7.484636e-07 7.484636e-07 1.265419e-01 0.00 0.44390593317182125 -0.03940583926181416 0.16336760287147203 0.5576238502226359 339.36899502171605,343.3677575383061,347.3663224819988,351.3653697426519,355.36418036832316,359.3633990448358,363.3623404941632,367.3617257351019,371.3608630747161,375.3602238841226,379.3594754794065,383.35900435482756,387.35805699517516,391.3575313195306,395.3567625020118,399.3561483741735,403.3554198726005,407.35485011779656,411.353966662232,415.35318891255076,419.3522159126337,423.3511909848802,427.3499922813299,431.3488869570468,435.3475835573882
1.081548e-05 1.081548e-05 5.195382e-02 0.00 0.44627637191440517 -0.03940583926181416 0.16336760287147203 0.5601929763797981 339.72351585121675,343.72652491939954,347.72916656741626,351.7324787158359,355.735330220261,359.7387217182152,363.74173611159495,367.74531043867313,371.74839848827673,375.751978530218,379.75522026558343,383.75893368922243,387.7621891219414,391.76589201889504,395.7691705317627,399.77284801412753,403.7760476587043,407.7796259460854,411.782788503223,415.78621831007575,419.78928209667083,423.7923977883194,427.7953602534684,431.798482276294,435.80122603169485
6.808966e-06 6.808966e-06 9.023631e-02 0.00 0.44577665739207084 -0.03940583926181416 0.16336760287147203 0.5569519195446905 339.66118263100435,343.6635296802543,347.66541412501033,351.66789011439676,355.6700753239291,359.6727443041039,363.6750537071711,367.6779500104553,371.68051124020593,375.68329591148705,379.6859683203791,383.6888703643228,387.69154718247023,391.6945776031322,395.6971043946634,399.6998976303663,403.70250285857827,407.7053981942018,411.7079767979359,415.71061372785397,419.71311717890603,423.71557561594943,427.7179200823717,431.7202395216772,435.72243344485605
1.111212e-05 1.111212e-05 5.178296e-02 0.00 0.44619543634111697 -0.03940583926181416 0.16336760287147203 0.5574275872383057 339.723402232625,343.7264749545747,347.72924845789214,351.73245975233726,355.73524999006895,359.7386843328532,363.74181242143584,367.7453366195627,371.74848993627074,375.7521626600566,379.7554819577805,383.7590638034547,387.76245968667047,391.76608885495324,395.76947655788405,399.7732451482411,403.7765935378843,407.77997167148993,411.783315458581,415.78674462089134,419.78984374880895,423.79306365853347,427.7960479417053,431.7991949825582,435.8021694571526
4.617026e-05 4.617026e-05 5.361565e-02 0.00 0.4409803718280962 -0.03940583926181416 0.16336760287147203 0.5669481285412648 338.87070284556967,342.86349804219066,346.85604669993296,350.8492695532026,354.8420525952302,358.83545579805656,362.8285394350272,366.8219515985072,370.8150207440899,374.8084820147459,378.80169890871554,382.79532889841244,386.7885242298167,390.7820523017956,394.7753225725642,398.7686909515806,402.7618922145783,406.75527455189996,410.7483250194713,414.7415785882516,418.7345382744598,422.72764443770654,426.7204446417428,430.71344028954934,434.705852401072
6.468219e-07 6.468219e-07 2.374875e-01 0.00 0.44469598387837084 -0.03940583926181416 0.16336760287147203 0.5552176226869829 339.50228061652905,343.50269940811495,347.50281377049873,351.50344940670357,355.5038000567211,359.5045994740277,363.5051848937071,367.50613436684574,371.50677319224565,375.5077562167302,379.5085616577481,383.5096515788763,387.51048626802134,391.5116352134791,395.51239743492346,399.51346708306033,403.5142210597491,407.5151717441254,411.5158784660161,415.5168030391647,419.5172290909447,423.51799013954485,427.51844308636703,431.5190680128519,435.5191410249335
6.464264e-06 6.464264e-06 9.521072e-02 0.00 0.4456940946611244 -0.03940583926181416 0.16336760287147203 0.5557217526639188 339.65401852749983,343.6563579869248,347.6581371523275,351.6604837496751,355.6626500559187,359.6653557964457,363.6675022876895,367.67033513531374,371.6727564531543,375.675547369757,379.6781032232904,383.68097793603323,387.68352608408793,391.68641348824974,395.68895190066564,399.6918171803121,403.69423847558517,407.6970563692757,411.6995103257152,415.7021372899798,419.704491880651,423.7071860772093,427.7092365044641,431.71148770296867,435.7137031270321
5.348071e-05 5.348071e-05 2.800014e-02 0.00 0.4483322671801925 -0.03940583926181416 0.16336760287147203 0.555426041040077 336.05308617319145,340.0594350607,344.0663734110245,348.0729033824703,352.08019063245234,356.0869468729763,360.0943379897006,364.1013687235083,368.1088693525533,372.1161469767454,376.1237346253779,380.1309475886645,384.1386544117666,388.14601171093534,392.1536236318849,396.1609275853229,400.1683816377061,404.1756474464111,408.1832293242169,412.19049216031226,416.19793428010894,420.20494029104924,424.2124829148549,428.2191433094206,432.2263246094531
2.418316e-06 2.418316e-06 7.930813e-02 0.00 0.44343299357748345 -0.03940583926181416 0.16336760287147203 0.5553938194500704 339.305516899556,343.3036451028316,347.3015215302178,351.2998669018245,355.29788085240995,359.29657494723295,363.2946529416256,367.29337950696697,371.29164032127125,375.2903315683707,379.2887797826271,383.28762813138394,387.28605843915227,391.28487249860257,395.2834556712305,399.2822142190414,403.28059458669264,407.2792243978044,411.2775683517545,415.2761865704408,419.27439426757303,423.2729072821094,427.2710550956027,431.269320130581,435.2671604825704
1.191365e-05 1.191365e-05 8.369801e-03 0.00 0.4423672042333063 -0.03940583926181416 0.16336760287147203 0.5551203538238773 339.1407203520046,343.13691520366507,347.13266550441585,351.12919151880914,355.1252408306164,359.1218861756645,363.11834064059127,367.1149292686314,371.1113808407755,375.1083332059092,379.10469053065736,383.10153616245736,387.09801558661013,391.0948745547026,395.09147164106207,399.0883567645889,403.0849160498348,407.08168461322066,411.0780840605075,415.07465979300133,419.0709987845241,423.0674125779378,427.0637165162439,431.0600063221243,435.055873351358
3.779844e-05 3.779844e-05 3.713825e-03 0.00 0.4476527693273077 -0.03940583926181416 0.16336760287147203 0.5547772753518164 335.95301735229606,339.9587414872163,343.964527207638,347.9700531526374,351.97601784647765,355.98170435196585,359.98784994683035,363.9937222909383,368.0000439230314,372.0060536763233,376.0124240554139,380.0184341337224,384.0249384727571,388.03101615808527,392.0375842108657,396.04375366897716,400.05021414579824,404.0564049983151,408.0626678573253,412.0688197249306,416.0750740154821,420.08098188479875,424.086995604153,428.0927462480023,432.09871041953295,436.1051941820936
1.824782e-05 1.824782e-05 5.955245e-04 0.00 0.4419259482599656 -0.03940583926181416 0.16336760287147203 0.555300136155219 339.07087248773286,343.0662356001364,347.06135118288086,351.05699878186806,355.05224059111845,359.0480817133089,363.04358669143176,367.0392998359342,371.03499712275504,375.03093143645043,379.0266054355235,383.02271289386766,387.0184621564613,391.01446993294945,395.0102253082438,399.00630851073686,403.001866143139,406.9977515461038,410.9933778197262,414.98918783772825,418.9848488248417,422.9805104699677,426.97582280346455,430.97137603143653,434.96640787374355
2.378777e-06 2.378777e-06 9.063088e-02 0.00 0.44391651122317105 -0.03940583926181416 0.16336760287147203 0.568178540246096 339.32407371116204,343.32227293833927,347.32011083541016,351.3185981997097,355.316733080563,359.3155138947921,363.3136985215772,367.312485511966,371.3108713326357,375.30959403128213,379.3082503607132,383.3069576879621,387.30549316512344,391.3042877877199,395.3028794411625,399.3017730401003,403.30018149752027,407.2989494919238,411.29736011993526,415.2959543909749,419.294122519818,423.2923844082461,427.2904167110425,431.28876438870674,435.2865458123906
1.380569e-05 1.380569e-05 6.838210e-03 0.00 0.4426695329193201 -0.03940583926181416 0.16336760287147203 0.5671173179622676 339.13452166882774,343.13045890317153,347.12614858677995,351.12246107620643,355.1183213751687,359.1147476898903,363.1108867208766,367.10739938084754,371.10368590575234,375.10031042553544,379.0966172321867,383.09327801605525,387.0894226182054,391.0860472664172,395.08241621612103,399.0790727575931,403.0752248894237,407.0718210397787,411.0679190121825,415.0642970690015,419.0604040776387,423.0564337074814,427.0522136509518,431.0483119435325,435.04385851808553
1.722199e-05 1.722199e-05 1.610989e-03 0.00 0.4423454949875225 -0.03940583926181416 0.16336760287147203 0.5647801182888305 339.09398240184504,343.08967344665245,347.08486683742046,351.08068085329114,355.0761962694469,359.07213000224755,363.0677629260813,367.0638909010047,371.0595417212221,375.05577929133483,379.0515626759424,383.04778096048204,387.0436136359451,391.03981675603006,395.03566675246736,399.0319241303536,403.0277360144717,407.02374189201714,411.01940183926877,415.0153866634545,419.01093172448464,423.00666154917747,427.002091795217,430.99776223093573,434.9929263994668
7.085813e-06 7.085813e-06 3.395627e-02 0.00 0.44322749579845816 -0.03940583926181416 0.16336760287147203 0.5668038863223236 339.2227844915034,343.21990059733,347.21665761152735,351.2139892067588,355.2109843403924,359.208396290575,363.2053706374735,367.20307862250263,371.2002624860694,375.19787531124575,379.1952935327814,383.19293381892135,387.19036461315505,391.18799349311394,395.18542317145443,399.1829371943121,403.18019328292394,407.17768593502336,411.17495738612575,415.1724372545817,419.16942737666955,423.166794320303,427.16371995220766,431.1607281995775,435.1571735418436
2.963233e-05 2.963233e-05 1.163533e-02 0.00 0.441415819138853 -0.03940583926181416 0.16336760287147203 0.5585882013136112 338.9762437259774,342.97026764015254,346.9643283853127,350.9586841619352,354.95285103388886,358.9474151130812,362.94174186511174,366.9365088771928,370.9309668614791,374.92594843709355,378.9204423489535,382.9153596207014,386.90988031103103,390.9046435134062,394.899200863893,398.8940077415084,402.8886081039652,406.8834798762391,410.87791981921276,414.8725108175179,418.86688860067153,422.8612885291895,426.85543609758804,430.84975918269726,434.84372106223856
1.615673e-05 1.615673e-05 2.286179e-02 0.00 0.4469679435287889 -0.03940583926181416 0.16336760287147203 0.5683359495285095 335.7908041177811,339.79420496157695,343.7979627545563,347.80131319376994,351.80521779953807,355.8088577791728,359.81306373186516,363.8168056861911,367.8211052227662,371.8250031529467,375.8294840713239,379.8334100478177,383.8377585124101,387.8418586185237,391.8461348596073,395.8501643731618,399.85452791288805,403.8584057072067,407.8626210903292,411.8665691803411,415.87065906360556,419.8744432905315,423.8782960361729,427.8819163546982,431.885642461994,435.888911714552
8.063747e-07 8.063747e-07 1.211581e-01 0.00 0.4438352221636283 -0.03940583926181416 0.16336760287147203 0.5567753628638021 339.36181522973715,343.3605943153935,347.35901907340764,351.3579968815218,355.3566880748815,359.3558089125901,363.35483357924903,367.3540392232685,371.35301098990766,375.35237342840185,379.3516509556329,383.35094176558613,387.3499993970941,391.3494224233632,395.3486506477779,399.3480393261914,403.34714730073625,407.3465605353459,411.34547181719904,415.3446305520506,419.34350631575194,423.3425673157489,427.34124702189405,431.34023557506225,435.3386334699786
4.154676e-06 4.154676e-06 5.458098e-02 0.00 0.44323730806033684 -0.03940583926181416 0.16336760287147203 0.558325562435252 339.2617405863895,343.25942090949246,347.25677497918707,351.2546335315012,355.2520888378326,359.2500323029598,363.24764885245526,367.24583148782824,371.2435706523048,375.2417954749433,379.2397231158751,383.23798075256997,387.2358692729705,391.2342085083035,395.2320670668894,399.23027210477807,403.22815022950374,407.22618633505255,411.224017820891,415.22197996212014,419.21972615701173,423.21763624203896,427.2150420635179,431.2129614291951,435.21005021547757
1.075416e-05 1.075416e-05 1.283462e-02 0.00 0.44256890707924906 -0.03940583926181416 0.16336760287147203 0.557409059794832 339.1618663980612,343.1582756162171,347.1544051808291,351.1509434720169,355.1472196527971,359.14410208438466,363.1407168550748,367.13764244149957,371.1342517562234,375.13124692635085,379.1281257475016,383.12513869245555,387.1217699916948,391.1189088150013,395.11567701147993,399.1128017016713,403.109532869332,407.10653610905814,411.10315027501423,415.09989105821364,419.0964410594239,423.0931268337161,427.08957403531207,431.085931194513,435.08215822140903
6.908911e-06 6.908911e-06 3.140871e-02 0.00 0.4429173098713052 -0.03940583926181416 0.16336760287147203 0.5572580093985433 339.2167769515133,343.21394932781266,347.2106799273797,351.2079805373578,355.2049752528079,359.20239717335807,363.1995116113687,367.1970927752011,371.19437958086127,375.1922054277707,379.18950635261,383.1872420389231,387.18468677109547,391.18229709105725,395.17973900697365,399.17741495533835,403.1747956746987,407.17240564895735,411.16973163676755,415.1672695443236,419.16452223423846,423.1617731341728,427.15889128652213,431.1559671764159,435.15270858496143
2.504284e-06 2.504284e-06 8.833824e-02 0.00 0.4438868491714703 -0.03940583926181416 0.16336760287147203 0.5678798425293154 339.3206672407022,343.3189585424878,347.31669424782154,351.3152586409046,355.3132826246667,359.31197690133496,363.3102079194558,367.30897285363807,371.30734983813716,375.306054703973,379.3045881731662,383.3033248961051,387.3018234773807,391.3005977092501,395.2991302759445,399.29790846502726,403.2964394764469,407.29505396645624,411.2933627668398,415.29187666058436,419.2900599933203,423.28828954993844,427.286313912033,431.2845354977123,435.2823768424131
2.108073e-05 2.108073e-05 6.565274e-04 0.00 0.44223046805237354 -0.03940583926181416 0.16336760287147203 0.5683402944023279 339.06055069986894,343.0557015644564,347.0505009990881,351.04587816545467,355.04097695176915,359.0364854189297,363.03175471840376,367.0273427933212,371.02263333540697,375.0184078811542,379.01376980253536,383.00952923826145,387.0050338156694,391.0008238603,394.9962385254843,398.9919774990165,402.9873600576055,406.9828711340476,410.978189869887,414.9736055638843,418.96877352990055,422.96404701056457,426.95902038795634,430.95417090528844,434.9488161997196
5.738748e-06 5.738748e-06 9.432340e-02 0.00 0.44606229557241667 -0.03940583926181416 0.16336760287147203 0.5678726832323167 339.65707625608866,343.6593727621348,347.66115135408035,351.6635173738348,355.6654109788729,359.6679407922299,363.6701488315376,367.6727985183889,371.6751534830743,375.6778243690526,379.6803031360711,383.68301340356254,387.6854847915366,391.68824296086854,395.69071332268396,399.6933446659376,403.69571424449856,407.698290511693,411.7005637456114,415.7029968534959,419.705263366791,423.70755551799715,427.70954382366324,431.7116927794172,435.71361610587996
1.725708e-05 1.725708e-05 1.844927e-02 0.00 0.44697086529223357 -0.03940583926181416 0.16336760287147203 0.565864062876172 335.8015322187827,339.8053431936681,343.80919821124775,347.81261344376986,351.81682463917826,355.8206419706416,359.82487797637367,363.82894307455854,367.8333981823117,371.83740194314464,375.8418586405306,379.8460905512644,383.8506387951126,387.8546374567267,391.8593603208356,395.8634137760171,399.8678424338131,403.8719848814307,407.87650361633627,411.88055563842016,415.8848550141389,419.8886584717232,423.8928126941825,427.896700510229,431.9004317473585,435.9040120365245
3.274809e-06 3.274809e-06 7.358157e-02 0.00 0.4436854169519135 -0.03940583926181416 0.16336760287147203 0.5658251864718888 339.2983231338527,343.29630894002685,347.29386908863086,351.2920648622817,355.2899842672107,359.2883439756617,363.2864184229004,367.284851460976,371.28292629608535,375.281515949913,379.2796179491293,383.2782755010549,387.2764804823272,391.2751798127331,395.273404266238,399.27195361444274,403.27013777521177,407.2685863749684,411.2665563474998,415.2649921895824,419.26279712266927,423.26099275457307,427.25882079915874,431.2567556257168,435.2543640574204
5.782436e-07 5.782436e-07 1.457676e-01 0.00 0.4443569090070114 -0.03940583926181416 0.16336760287147203 0.5681068491295906 339.3928447787982,343.3917695590032,347.3904835183111,351.38975184320964,355.388597403787,359.3880442535006,363.3872002750764,367.3867232371926,371.38593458550565,375.385607894954,379.3849033215986,383.38458764960507,387.3839137035936,391.38351069416376,395.3827832380837,399.38249268818805,403.38159584041045,407.3811227194138,411.3803550946167,415.379762392192,419.37884716760004,423.3780736134456,427.3769434972567,431.3757786198085,435.3745163651811
8.831986e-06 8.831986e-06 2.441013e-02 0.00 0.4431135809937379 -0.03940583926181416 0.16336760287147203 0.5682400128683157 339.19886183633497,343.1956920269521,347.1920880583854,351.1892069771012,355.18575031048186,359.18286962031505,363.1796872569746,367.17698068448533,371.173967505229,375.17124550944067,379.1683720012815,383.16608336590195,387.1628677600046,391.16009676808045,395.15724972320936,399.15445781069644,403.1514474309959,407.1486999065373,411.14563232568656,415.14269243329755,419.1395438513784,423.13657458790857,427.1330909653897,431.12974039867936,435.1260312640796
6.591678e-05 6.591678e-05 1.301116e-01 0.00 0.44031655461021996 -0.03940583926181416 0.16336760287147203 0.5682929802275708 338.7599710781327,342.75185178034786,346.7431669043746,350.7350568926768,354.72648335842223,358.71852810992124,362.71017651809933,366.7023522985611,370.69421800784454,374.6863811098956,378.67835047141625,382.6706119238095,386.66255571052847,390.6546200290398,394.64651294877825,398.6387253684213,402.63050040864766,406.6226330401437,410.61449367089443,414.60632180569723,418.59793517576503,422.58977447257195,426.5811047486344,430.5727440498452,434.56389455086907,438.556023768049
1.031753e-05 1.031753e-05 5.018084e-02 0.00 0.44653371445009943 -0.03940583926181416 0.16336760287147203 0.5682130481813793 339.72809835168863,343.7310107795733,347.73367659307684,351.73691737541185,355.7398268701679,359.7431712896096,363.7462595564208,367.7496580737405,371.75288670016135,375.756420932863,379.7595245047634,383.7631687521031,387.7665036604269,391.7698042570126,395.77326751579363,399.77676694792365,403.78003640580977,407.78350505940523,411.7864869320657,415.7899179546963,419.79281498949933,423.79600181329147,427.7987384861796,431.8016564986387,435.80427295915723
8.657605e-06 8.657605e-06 6.714861e-02 0.00 0.446180334111575 -0.03940583926181416 0.16336760287147203 0.5628005240875981 339.69729896901583,343.7000203101265,347.7022849486782,351.7052829602001,355.70766528428794,359.7107889946264,363.713373784217,367.7166454083663,371.7193922996152,375.7226328564634,379.72560568025295,383.7288157976194,387.7319087069649,391.7352729285284,395.7382914620539,399.74143654069064,403.74450030380297,407.7474417592503,411.7504235122413,415.7533664468634,419.7562216174404,423.75895783402996,427.761578003305,431.76429573932296,435.76670125514914
2.241153e-05 2.241153e-05 2.135999e-03 0.00 0.44167994197078553 -0.03940583926181416 0.16336760287147203 0.5548484063486837 339.03456230887497,343.0294578409331,347.02410167891315,351.0192854885281,355.0141332259496,359.00949690178055,363.00445828611726,366.99990728345546,370.99508393128906,374.9906533941407,378.98603193337146,382.9816518648868,386.9770304172831,390.97258190799107,394.9677955843602,398.96332943060406,402.95861009588594,406.9541826568379,410.9494636846953,414.94485962707773,418.93986491541466,422.9351491937476,426.9301083987669,430.92505001321723,434.91972542059807
1.485240e-05 1.485240e-05 4.471595e-03 0.00 0.44252940999172186 -0.03940583926181416 0.16336760287147203 0.5654214448464052 339.12007619012087,343.11584813381415,347.11141243263523,351.10746764529136,355.10322619853133,359.09945359129205,363.0954493332752,367.0919182959827,371.08790705640206,375.08437183331006,379.0804060499521,383.07700120449545,387.0731485982729,391.06961571339934,395.06577189094486,399.06226497292823,403.05842103934276,407.054753958357,411.05093802798746,415.0468469034912,419.04279465595914,423.0389397593346,427.03458937397187,431.0304679926512,435.02592968176816
5.064446e-07 5.064446e-07 2.304780e-01 0.00 0.4451093919465748 -0.03940583926181416 0.16336760287147203 0.5678400546971762 339.51028739107744,343.5107339320346,347.5107853734068,351.5114683167219,355.51183647370954,359.51257644072496,363.5131287524191,367.51399493539265,371.5145971323531,375.51563988873204,379.5162829645915,383.51727229053125,387.51797166998426,391.5190080625496,395.51978473646386,399.5207091499692,403.52149190530884,407.52236761220234,411.5228847520524,415.5235526646204,419.52401882668136,423.52465281045465,427.5248044572851,431.5252216767903,435.5251700297049
5.032048e-05 5.032048e-05 2.620674e-02 0.00 0.44868324772053253 -0.03940583926181416 0.16336760287147203 0.5682255800345567 336.0504978556181,340.0566693433572,344.0634379581287,348.06996936342546,352.0769740425297,356.08362309353504,360.09079179548934,364.0977286139786,368.10505798892046,372.1121443364032,376.1194912804065,380.1265902411763,384.13399986147704,388.1411648856748,392.148685840253,396.1557330811248,400.16316952607707,404.1701844877138,408.17751046020254,412.1843811946531,416.1915986560066,420.198356278744,424.2054330424058,428.21208776603424,432.21878996394867
5.201437e-07 5.201437e-07 2.430570e-01 0.00 0.4447257959472339 -0.03940583926181416 0.16336760287147203 0.5572411794508365 339.4977971670324,343.4980851281668,347.49811747586216,351.4987511647427,355.4990294245098,359.4997703281279,363.5002344529028,367.501049930397,371.5015575086986,375.502575432869,379.5032269497403,383.5042626417472,387.50502618169617,391.50598998551243,395.5068185549508,399.5077178144164,403.50848409506307,407.5094060959418,411.5098586483052,415.5106306397039,419.51117611896296,423.51175207237577,427.5120898136342,431.5126404999587,435.51256823560067
1.031211e-05 1.031211e-05 5.742316e-02 0.00 0.44612461620800786 -0.03940583926181416 0.16336760287147203 0.5573061136793575 339.713194028471,343.71606664811077,347.7186519846394,351.72172738423114,355.7244716529666,359.7277479982475,363.730736988673,367.73412879238515,371.7371698080432,375.7407056069736,379.7439315201824,383.7474889625719,387.7507057578509,391.75433225407585,395.75754888972506,399.7609989860496,403.76429762510213,407.76771435789243,411.77078148468536,415.7741061977086,419.7770303165461,423.78000181046275,427.7830483393852,431.78605213681004,435.78893300820863
6.666823e-08 6.666823e-08 1.781369e-01 0.00 0.4442600712301886 -0.03940583926181416 0.16336760287147203 0.5573187349059138 339.4252714698588,343.42487045786675,347.4239766078859,351.4236543203016,355.42305090463594,359.4229257330783,363.4226189472526,367.42259013642814,371.42239863833794,375.4225856555376,379.4223651665304,383.42252073830247,387.4223570425205,391.4224636081633,395.42234606829476,399.4225269864808,403.42226506855536,407.42230635793675,411.42209357103826,415.4221615212366,419.4217146871664,423.421525639692,427.42105503234217,431.42055832203005,435.4198340876587
4.608439e-05 4.608439e-05 1.408188e-02 0.00 0.4481203106114747 -0.03940583926181416 0.16336760287147203 0.5576976975047379 336.01099331913235,340.01689360211134,344.02330171602426,348.0294120281798,352.0361404226942,356.0424404817979,360.049318750071,364.05589609783203,368.0628734125067,372.06944571508734,376.07664161039685,380.0833079302197,384.09033723416036,388.09708872911165,392.10427140696913,396.1110544144204,400.1180628629002,404.1250045300983,408.1317993581328,412.1384326158494,416.1454223114446,420.1520479777539,424.15882021656114,428.1652490846734,432.171709988198
1.320554e-05 1.320554e-05 5.810947e-03 0.00 0.4423275468884409 -0.03940583926181416 0.16336760287147203 0.5566913422035827 339.1273734865685,343.1234326049781,347.11903420894635,351.1153059975976,355.1112179067975,359.1076849346546,363.10395317337986,367.1003852328413,371.0967277805898,375.0933288727929,379.0895013065201,383.0862588687439,387.0826757307264,391.0793034140846,395.0757124640442,399.07244636670225,403.0687406601802,407.06532861182956,411.0614376594609,415.05792263954106,419.05415193620587,423.0503438226211,427.046429017024,431.0425396734094,435.0382640088341
6.097633e-06 6.097633e-06 9.660337e-02 0.00 0.4457988553261853 -0.03940583926181416 0.16336760287147203 0.559612209416504 339.6527063195886,343.6548983241354,347.656752056752,351.65907713298526,355.66109631595106,359.6636001150707,363.6658742964537,367.66857287520753,371.67092968309305,375.6737295960291,379.67612796129396,383.67908594894413,387.6815161263825,391.6843778993497,395.6868052754513,399.689549530181,403.69206741285535,407.6947076778971,411.69709873264185,415.69963708247667,419.7020065430126,423.7043389886226,427.70635263453465,431.7086465791714,435.7106730209242
6.995872e-06 6.995872e-06 8.806425e-02 0.00 0.4458043466774075 -0.03940583926181416 0.16336760287147203 0.5572032732334004 339.664373159679,343.6666419259336,347.6686295981898,351.6711644438786,355.67335051658233,359.67606456385585,363.6784603750355,367.6812720377828,371.6837987696103,375.68685648068123,379.689406372333,383.69245266057936,387.69504774101824,391.6980435271928,395.70070933476757,399.70361228441215,403.7062737671245,407.7090859096589,411.71161284464085,415.71446555804397,419.7168804986418,423.71948943176443,427.7217324727601,431.7242425316372,435.7263672254321
4.041429e-05 4.041429e-05 4.107145e-02 0.00 0.44086247822664465 -0.03940583926181416 0.16336760287147203 0.5567593742823537 338.89743975616113,342.8907154467451,346.8837676006629,350.8772460632157,354.8705363186037,358.8642695849493,362.8577381257283,366.85169399147395,370.8452069945837,374.83907913897224,378.8327184637588,382.8266549618244,386.8202977512152,390.8143675032683,394.8080802264513,398.8019431466329,402.79573857439334,406.7895198866717,410.7830576482657,414.77680608512924,418.7702101260679,422.7638976922192,426.75725023320035,430.75059809533684,434.7437145560564
2.190734e-06 2.190734e-06 8.455041e-02 0.00 0.44350709563875923 -0.03940583926181416 0.16336760287147203 0.5561835546392229 339.31347968915884,343.3116447011717,347.3095791020276,351.308030857963,355.3062795213312,359.3048669734147,363.30310223587054,367.30183496153376,371.3002784212682,375.29902753769295,379.2976767731519,383.29643828434416,387.29494702647986,391.29391307263677,395.2925642303318,399.2913554599512,403.289923034007,407.28864612197896,411.28701511440505,415.28566912903494,419.28394767485065,423.28250379663024,427.28068462218005,431.2789893506121,435.27705541800043
1.798092e-05 1.798092e-05 7.639237e-04 0.00 0.44207110308815284 -0.03940583926181416 0.16336760287147203 0.5587646472233321 339.07788776076245,343.07324066993317,347.06836341920996,351.06410857513765,355.05940548397695,359.0552505396581,363.050792481471,367.04672384959525,371.04244913056556,375.0382813907056,379.034075743157,383.0302390630926,387.02600505418906,391.02206981926787,395.0178705129197,399.01394869171935,403.009567096702,407.00543469308644,411.001106109371,414.9969852258906,418.99250625854273,422.9881754049486,426.98369238949067,430.9791029934276,434.97429100256477
1.459401e-05 1.459401e-05 3.192963e-02 0.00 0.44646816620186414 -0.03940583926181416 0.16336760287147203 0.5574081364848247 339.7653954580962,343.7689362873545,347.7720227975849,351.77585251406447,355.7793708918201,359.7831528927594,363.7867436326018,367.7907573626762,371.79444220757415,375.7985624943124,379.80228335333294,383.80644469955007,387.8103441855347,391.8144803289012,395.8183766306075,399.82249558706195,403.8263503334639,407.83038786711967,411.8341649756896,415.8380579988998,419.8416471611418,423.84540404265493,427.8488430790696,431.85246120074004,435.8558129491987
1.979353e-06 1.979353e-06 8.920033e-02 0.00 0.44357565895269413 -0.03940583926181416 0.16336760287147203 0.5570267887515293 339.32030690352406,343.31854623715253,347.3165873443272,351.3150477840754,355.3133544874628,359.3120415883765,363.31037040831484,367.30920712867174,371.3076543377207,375.306479871676,379.30510923257503,383.30408985557847,387.30275620157295,391.3016233202583,395.3002988354864,399.2992728319081,403.29777295280405,407.2967436479474,411.29512654736516,415.29387371077377,419.2921962394173,423.2908462211362,427.28901830871985,431.2874843014624,435.28561256436666
3.162062e-06 3.162062e-06 6.877768e-02 0.00 0.4433903381709564 -0.03940583926181416 0.16336760287147203 0.5574931166799547 339.28931542396293,343.28729761953286,347.28495483119826,351.28311900857597,355.28094862070634,359.2792769664948,363.27724013681257,367.27567474965,371.2737479794792,375.2723248995015,379.27049707601316,383.2690943927202,387.26758081447286,391.2660749487068,395.26433471205536,399.2627347206037,403.2609631259809,407.2594067487788,411.257529360357,415.2559256051047,419.25399669799435,423.2520867270339,427.2501434093913,431.2481329235958,435.2457274377413
3.385818e-06 3.385818e-06 1.418910e-01 0.00 0.44535736594978637 -0.03940583926181416 0.16336760287147203 0.5570284372663948 339.59624722488763,343.59776296791165,347.59886348286915,351.6006735226288,355.6021189282316,359.6040253229962,363.60564490426935,367.60770140511545,371.6094298499184,375.6117253263583,379.6133792826107,383.6156231159056,387.61733757805746,391.61957588347127,395.6214124196033,399.62353074501385,403.625357260342,407.6275427553863,411.62925993755897,415.63123066677184,419.63279937956435,423.6346142874006,427.63616599409823,431.6377348464366,435.63890886125654
4.868846e-05 4.868846e-05 6.968839e-02 0.00 0.4405435245724546 -0.03940583926181416 0.16336760287147203 0.557207263646003 338.8450795613713,342.8378488202044,346.83025638930263,350.8232705140538,354.81597652846216,358.8090082634182,362.80189749165027,366.7950531869987,370.7879548759588,374.7812820049686,378.77429449855623,382.7677457503117,386.7607723891167,390.7540949345794,394.74722805938956,398.7405267260075,402.7335154532623,406.7267299988332,410.7197265468797,414.71292570157027,418.7058083795809,422.69870539407395,426.69141951988485,430.68416236145737,434.6766264624454,438.67032873393293
1.105470e-04 1.105470e-04 2.354476e-01 0.00 0.45017195241527214 -0.03940583926181416 0.16336760287147203 0.5565135093902526 336.3242139595982,340.33365247740807,344.34378228677866,348.3536248427349,352.36399804248657,356.3739946169723,360.3845850772217,364.39480029418877,368.40547839360903,372.41588744384353,376.4265805234051,380.4370846308333,384.44794977442143,388.45849728339806,392.4692617600691,396.47982016096637,400.4906664429081,404.50119444934256,408.51196614743486,412.52237322954943,416.53295975333725,420.54321375811895,424.5537290834668,428.5637990265593,432.5741172961578
2.174626e-06 2.174626e-06 1.720134e-01 0.00 0.44512019215409443 -0.03940583926181416 0.16336760287147203 0.5561240665524723 339.56372746057065,343.564810744356,347.56559915773704,351.5670149521213,355.56809611133673,359.5696561470276,363.57091752411446,367.5726125308219,371.57394981383806,375.5755929669394,379.5771356399091,383.5789203401759,387.5804018415095,391.58223118859195,395.5837132090225,399.58552976899864,403.5870492661953,407.588867229334,411.5901335140632,415.5916378292874,419.59287861764716,423.594392326096,427.595475615356,431.5966745522473,435.59753594511943
4.475655e-07 4.475655e-07 2.498305e-01 0.00 0.44465193858834196 -0.03940583926181416 0.16336760287147203 0.5561101984182305 339.49139908619134,343.4917481534981,347.49168398816215,351.4922134744434,355.49239197399476,359.4931257733519,363.493441412684,367.49423508676483,371.4947358137968,375.4956891854731,379.4963196448932,383.4972925057851,387.49799005131314,391.4989685858586,395.49961384796495,399.50047824538547,403.5011958829505,407.5019580512601,411.5024155452404,415.5032146516044,419.5035869738714,423.50431030952984,427.5045281557984,431.5050633372517,435.504952271773
7.234879e-06 7.234879e-06 9.067671e-02 0.00 0.445776074880767 -0.03940583926181416 0.16336760287147203 0.5564801875267826 339.6633169427105,343.6656076784819,347.66750274587275,351.67009963224643,355.6722517495681,359.6748790320997,363.6773526746912,367.68008421544755,371.68266194732405,375.68561488830534,379.68827180235513,383.6912151038914,387.69400310552436,391.69690472256093,395.69951046013955,399.7026182373166,403.7050082902116,407.7079958781093,411.7104819228685,415.71325560259197,419.7157235755662,423.7181729683987,427.72081297955054,431.7228546738718,435.72513322949095
6.041896e-06 6.041896e-06 1.033420e-01 0.00 0.4456355167942327 -0.03940583926181416 0.16336760287147203 0.5558757601681135 339.64434557419503,343.64641821225615,347.64812753946785,351.65039139628874,355.65240614065675,359.65495821440027,363.65713008796524,367.65969732933394,371.6621026188091,375.6648021218292,379.66725172245214,383.6700220189111,387.6724838996598,391.67516561240063,395.67749503376075,399.68031998344895,403.6826770653328,407.6853763096471,411.68774682675104,415.6901521712028,419.6925526056017,423.69485979015366,427.69707376492505,431.6992670741512,435.7011141757887
2.595414e-08 2.595414e-08 1.966144e-01 0.00 0.4444498192431329 -0.03940583926181416 0.16336760287147203 0.5597505968699179 339.44379825169005,343.44343668552665,347.4428543905889,351.44277877032437,355.4422952746312,359.44244797168307,363.4421048077765,367.44239043528984,371.4423587407015,375.44269323218055,379.44281362405206,383.44307736435456,387.4431796507418,391.4435124749568,395.44357868650866,399.4438185066815,403.4438032990941,407.44412059129377,411.44399938314507,415.44403668732707,419.4439758575763,423.44380789818695,427.4435545733094,431.4433603800062,435.44266379236876
6.567616e-06 6.567616e-06 9.102862e-02 0.00 0.44584687355804653 -0.03940583926181416 0.16336760287147203 0.5595262501297911 339.66049217194916,343.66271445161925,347.66467394666523,351.66712772527814,355.6692422265782,359.6718139493613,363.6742238924922,367.67698675774113,371.6794272007763,375.6823320349367,379.68486888343546,383.6877420023885,387.6903785840643,391.69322313904144,395.6958853968852,399.6987198610969,403.70123997357524,407.7040405251223,411.7064665657584,415.7090886292307,419.71148769851646,423.7140433575852,427.71617980530544,431.7184015455486,435.72081623859816
2.638987e-06 2.638987e-06 1.599505e-01 0.00 0.4453012557712646 -0.03940583926181416 0.16336760287147203 0.559249756349277 339.5775135918274,343.57884168084075,347.57977465189737,351.58126316286314,355.58251400935035,359.5841155258195,363.5855795086604,367.587418621272,371.5887527537577,375.5907388356598,379.59235057550484,383.5941510061448,387.5957777665816,391.5977743973426,395.59938122083906,399.6012778346019,403.6029204604982,407.604707507305,411.6062330219131,415.6080257841954,419.60935768825647,423.6108559438346,427.61213939576476,431.61337123595666,435.61413904430185
3.612448e-06 3.612448e-06 6.408129e-02 0.00 0.44341698619204456 -0.03940583926181416 0.16336760287147203 0.5600563906169922 339.2819090097472,343.2798107734553,347.27734076559244,351.2754522726699,355.2731843288229,359.27136137427016,363.2691949422431,367.2675205913748,371.26557806714084,375.2638852792579,379.2620392051019,383.2605348435306,387.25870779569834,391.2571199984595,395.2552473155549,399.2538310809093,403.2517517502625,407.2501986138081,411.2479866709279,415.24629172587777,419.2441323820832,423.2423129564424,427.24004369634804,431.2379504374618,435.2355349188058
6.006179e-06 6.006179e-06 3.782814e-02 0.00 0.4430275888294952 -0.03940583926181416 0.16336760287147203 0.5580534880117874 339.23033735324947,343.22764405749655,347.224602437878,351.2220693148804,355.21916821305757,359.21678473437777,363.21399620487125,367.2117152867312,371.20914814065907,375.20708483772916,379.20463042584964,383.20253259480836,387.2000304440862,391.19804234409844,395.19545251199247,399.1932472671419,403.190764133758,407.18863866024,411.1860597893909,415.1837171023026,419.18099713303263,423.1785470200017,427.17561144987667,431.1729759488842,435.1697708309889
8.610142e-08 8.610142e-08 1.632137e-01 0.00 0.4441287679334392 -0.03940583926181416 0.16336760287147203 0.5563619212601739 339.4092171372143,343.40858777505025,347.4075923483098,351.4071011340481,355.40631388228263,359.4060063470508,363.4055192138824,367.4053243504922,371.40495679106505,375.40487456391475,379.4046120233248,383.40451418716873,387.404237597565,391.4041148840668,395.40388520166834,399.40372978209103,403.4033997113063,407.40336702623773,411.40290300175513,415.40266386902124,419.40221275427723,423.4018351727882,427.40101153966236,431.40045089414,435.3995642927401
4.875311e-04 4.875311e-04 1.712428e-01 0.00 0.4567211078632132 -0.03940583926181416 0.16336760287147203 0.5548084842194935 333.2736253501655,337.2957558069408,341.3167845088146,345.33843415589035,349.35978957228684,353.38169776099994,357.4032611913241,361.4254269195082,365.44710668934334,369.4694037749803,373.49129038849355,377.5136344664855,381.53564449787024,385.5580667723378,389.58008277632115,393.6024371223923,397.624588185455,401.64689114071,405.66902652303384,409.6912096784979,413.7133167369273,417.7354281268014,421.7573700891092,425.7793831167197,429.80108015933985
3.695721e-05 3.695721e-05 2.945294e-02 0.00 0.44109502916602217 -0.03940583926181416 0.16336760287147203 0.5588850198100782 338.9244479086117,342.91798721154026,346.9112333344405,350.9051031200953,354.8986527262817,358.8926540705044,362.8864600805619,366.8805608259373,370.8744438954448,374.86870985747527,378.8625691458738,382.85678724927345,386.8508033980334,390.8450135740975,394.83907332638523,398.83337718484245,402.8272670973368,406.82139945668695,410.81516310020965,414.8092698040169,418.8029729859926,422.7968271297259,426.7902630264231,430.7840627629509,434.77741375003876
2.565486e-05 2.565486e-05 5.485896e-03 0.00 0.44157714751146854 -0.03940583926181416 0.16336760287147203 0.5569452350489489 339.0088520312742,343.00339249325924,346.9977507154361,350.99269157457536,354.9871719618999,358.9822461283528,362.97687676205993,366.9720513174331,370.9668446737453,374.9621974803786,378.95706989129724,382.95243105693277,386.9473800433573,390.9426491507171,394.9376596607986,398.93282755049324,402.92787044691437,406.9230098150181,410.9178602252646,414.91299187302496,418.90771181349925,422.9026316574662,426.89720288388776,430.8918384694265,434.88617298428034
9.685094e-05 9.685094e-05 1.763288e-01 0.00 0.4498350840013559 -0.03940583926181416 0.16336760287147203 0.55762408161112 336.2688350042042,340.2777171736562,344.2871097611255,348.2963759619271,352.3059970265708,356.3154079961563,360.32532427168303,364.3349614974424,368.3449194137748,372.3546672973983,376.3648329556389,380.37457858429315,384.3847825327123,388.39468006949903,392.4047671089051,396.41463140638234,400.42486139360534,404.43455054086405,408.444607444581,412.45439306729145,416.4642121492009,420.47392183682825,424.483653415369,428.4931744440487,432.50275125188807
7.347513e-06 7.347513e-06 2.813011e-02 0.00 0.4428337336518064 -0.03940583926181416 0.16336760287147203 0.556214982423493 339.20853837029836,343.2055325859096,347.2022628555736,351.1995389552607,355.1962811494572,359.1936599218395,363.19068057991683,367.1882001686884,371.18541608870845,375.18301006773464,379.180386075006,383.17802271616875,387.1753216128581,391.17292131460243,395.1701957129434,399.16784618513486,403.16515093182875,407.1626918044901,411.15993905778,415.15738457745664,419.1544911948243,423.1517933140229,427.1486916904133,431.14574064422607,435.1424220665432
1.106259e-05 1.106259e-05 5.142429e-02 0.00 0.44622301552175414 -0.03940583926181416 0.16336760287147203 0.5581931957992623 339.72425647026,343.72728380306785,347.7299948454213,351.7332793043899,355.73626411927626,359.73960523013653,363.74266185220387,367.7461817046393,371.7492685599645,375.75292286343415,379.75623008799175,383.7598381690398,387.7632223749977,391.76699684803714,395.77030439042477,399.7740151933975,403.7773856673643,407.78084296390944,411.78403618714106,415.7874091894769,419.79065390413655,423.7938285353855,427.7968830973374,431.79991153128026,435.8028655983244
4.532185e-05 4.532185e-05 1.216229e-02 0.00 0.4480010333948615 -0.03940583926181416 0.16336760287147203 0.555400692380206 336.0031132829336,340.0090128418413,344.01543781567307,348.02139624555434,352.02799195157763,356.0342864247062,360.0411829170883,364.04760020834084,368.0542619565721,372.0612105347626,376.06805533495447,380.07462468230955,384.0817736603606,388.08843730465117,392.0955018859234,396.1021847453085,400.1092720440256,404.11590993456025,408.1228872024067,412.12959148458276,416.1363942735151,420.1429280391333,424.1495208278439,428.15597861533337,432.16252211875735
1.849861e-06 1.849861e-06 1.849732e-01 0.00 0.44504009264879646 -0.03940583926181416 0.16336760287147203 0.5561237349458158 339.5512949186707,343.5523574521339,347.5529903222768,351.5542936017845,355.5551676949006,359.5565049539183,363.5576330949914,367.55923543800077,371.560408557038,375.5620716958668,379.56333295148136,383.5649288383372,387.5663166587123,391.56788670233055,395.5693351320663,399.5710696063655,403.5722988538414,407.57390433585357,411.57510690154027,415.57668206163396,419.57760769164315,423.578878366062,427.57995284296237,431.5810490623489,435.5816424525394
