1.945114e-04 1.945114e-04 1.045682e-02 0.00 0.4474060387028429 -0.0397827163256654 0.15804679013016237 0.5647692899377309 334.28050127978,338.26665628541326,342.2522765998714,346.2378500141548,350.22371729657334,354.2094200915928,358.19559578223436,362.1814764552396,366.16772457627724,370.15366713563634,374.1401382750407,378.12618493044954,382.1124953504435,386.0986438082518,390.0849925822731,394.0710707049903,398.0574650585118,402.0434419270338,406.02970278283567,410.01562000667025,414.001857807506,417.987632231039,421.9736627745635,425.9593206735399,429.94520473089096,433.9309839008506
2.850097e-05 2.850097e-05 1.455301e-03 0.00 0.4584424657602263 -0.0397827163256654 0.15804679013016237 0.5647692899377309 331.8991412564018,335.90400776640877,339.9082987916077,343.913241306461,347.91791560575956,351.92309976554037,355.927923214655,359.9333854339782,363.9383536535559,367.9439700993688,371.9491859015083,375.9546689377035,379.96009900735737,383.96568072123443,387.9710463366641,391.9767383582629,395.9820853334454,399.9876273770336,403.9930103585023,407.99852290061557,412.00367881736844,416.0092047552557,420.01421154795617,424.0194322209832,428.02447351064126
7.988948e-06 7.988948e-06 3.037504e-02 0.00 0.4537165988769728 -0.0397827163256654 0.15804679013016237 0.5647692899377309 335.21819508917355,339.21428434646856,343.2112832619277,347.2077144272696,351.2047802399478,355.20145289833823,359.1988442325977,363.1956575403005,367.19312144206606,371.19009963966215,375.1876444944665,379.18472685178136,383.1821735383573,387.1794615651565,391.1770311543349,395.174086978231,399.1716465371425,403.16875649164786,407.16616793865256,411.16323689380414,415.16049375296365,419.1573409816893,423.15455376558276,427.15130895731374,431.14832999520536
1.536993e-04 1.536993e-04 1.181430e-01 0.00 0.46262671874388567 -0.0397827163256654 0.15804679013016237 0.5647692899377309 332.4861311816512,336.4977210477542,340.509118874048,344.5211959031136,348.5327642020436,352.54500201824237,356.556962874314,360.56935186161223,364.5813726669684,368.593986125278,372.60615897038167,376.61881874916156,380.6311776709794,384.64385430028375,388.6561968129854,392.66884178759057,396.6812013300033,400.6939541312435,404.7062191987225,408.7189919703627,412.7311023757332,416.7436546159569,420.7557723914535,424.76821774416976
1.482367e-04 1.482367e-04 1.282545e-01 0.00 0.4624887529203745 -0.0397827163256654 0.15804679013016237 0.5647692899377309 332.4673052108494,336.4788567824031,340.4898280969639,344.5018081291758,348.51315396998046,352.52526939055423,356.5368445632447,360.54917896158986,364.56091634999433,368.5732082235089,372.58523628120895,376.5976649924253,380.6098247934979,384.62229648620865,388.6343219158209,392.6468093347197,396.658980920027,400.6713833734389,404.68351528944186,408.69582863476313,412.7079521051668,416.720218851662,420.73208626556885,424.7443226513127,428.7565660488249
1.048450e-04 1.048450e-04 1.933462e-01 0.00 0.44948402326370884 -0.0397827163256654 0.15804679013016237 0.5647692899377309 334.5924259484889,338.5814461801226,342.5709963750603,346.56002146284874,350.54983517596514,354.5390834372271,358.52897932132913,362.5184030885359,366.50840183508615,370.498080640624,374.4881885120642,378.47787205939517,382.4679316712877,386.4576557278006,390.4478088193151,394.4375436838833,398.42765276967026,402.4174301893226,406.40735942700275,410.39710036839585,414.3868704372296,418.37641632414324,422.3661996412325,426.3554706586563,430.3449267623609
1.013567e-04 1.013567e-04 2.082974e-01 0.00 0.4495832574509642 -0.0397827163256654 0.15804679013016237 0.5647692899377309 334.60685596397263,338.59608563821115,342.5857383274861,346.57501005018,350.5648256375605,354.5543780407845,358.5443652477353,362.53409835519955,366.5241726599681,370.51395849069286,374.50417777502304,378.4941533918303,382.4843704275431,386.4743465466021,390.4645122279121,394.45449028864766,398.44469144305265,402.4346195116836,406.4247581801897,410.41462353807543,414.40462543509915,418.39444589383464,422.3842637798883,426.373741373599,430.3634850190648
1.719505e-04 1.719505e-04 7.650872e-02 0.00 0.46304997836719386 -0.0397827163256654 0.15804679013016237 0.5647692899377309 332.5455529344172,336.5580335811124,340.5700387496383,344.58270944095415,348.59514638317773,352.6080428358009,356.62059512487076,360.633741415902,364.64653730319674,368.65975984578034,372.6727671211655,376.6861656167587,380.6991038860278,384.71255542061243,388.7255930233651,392.7391123730336,396.75211571583145,400.76550815562973,404.77861208912503,408.7920113926339,412.80492333492253,416.8181859170564,420.8310903856248,424.8439624760514
3.877899e-04 3.877899e-04 1.512742e-01 0.00 0.467055259520895 -0.0397827163256654 0.15804679013016237 0.5647692899377309 329.0778683366004,333.0963265643146,337.1152960799905,341.13388364020915,345.15328322024743,349.1722445196091,353.19182586858847,357.21103500358413,361.2307455604878,365.2500695400852,369.26992296797073,373.2894951663562,377.3094039854196,381.32902975498615,385.34912005779114,389.3687390521959,393.38874221585587,397.40850829627,401.42858253555426,405.4483157845097,409.4679294124079,413.4877732153389,417.50749501118145,421.5269067958198,425.5464840586718
2.647629e-04 2.647629e-04 9.731372e-03 0.00 0.4649482206007628 -0.0397827163256654 0.15804679013016237 0.5647692899377309 332.80875984064426,336.82431447638095,340.8395532422378,344.8552395767598,348.87083226097616,352.8869396096718,356.90294426485735,360.91895190739075,364.93493515215994,368.9515283101371,372.96757436457466,376.9841503858599,381.0001628158709,385.01674651452225,389.03307992308106,393.0496161928322,397.06594829029336,401.0824926709496,405.0986781932297,409.1151648573028,413.1313052436081,417.1476372638743,421.1636769476997,425.17987325747356
4.107197e-05 4.107197e-05 3.470052e-02 0.00 0.4516684150961266 -0.0397827163256654 0.15804679013016237 0.5647692899377309 334.91610946374897,338.90874776736456,342.90204762243206,346.8949229380553,350.8884174034467,354.8815951460788,358.87530110977,362.86859427608215,366.86245436147067,370.8559297300438,374.849822468464,378.8434251699539,382.83734753204385,386.83083817038727,390.82482651057524,394.81848899013335,398.81241316880573,402.8058313461454,406.7997704914901,410.79323201423597,414.7868747028543,418.7802781598962,422.77370530820406,426.76694604091495,430.7602794494687
2.509886e-08 2.509886e-08 2.059220e-01 0.00 0.4553382041116942 -0.0397827163256654 0.15804679013016237 0.5647692899377309 335.4555745017026,339.45456954177365,343.45418637883796,347.4535951758318,351.4534537833397,355.4530557074997,359.45311303698617,363.45287185678154,367.45312262116147,371.4530129939963,375.4531689353942,379.4532258749699,383.4535082904721,387.45362804487786,391.45387291142384,395.45386121062484,399.4541991101136,403.4541031677282,407.4544895749329,411.4543665281208,415.4544099836154,419.45408923337925,423.4540340228093,427.4536600207227,431.4536740308139
6.387100e-05 6.387100e-05 5.946592e-02 0.00 0.4600150332267708 -0.0397827163256654 0.15804679013016237 0.5647692899377309 332.12117850441405,336.1284469703474,340.13539475404065,344.1430895307129,348.15029234125814,352.1581896161403,356.16572145934055,360.17374304269805,364.18136663844075,368.18960241867075,372.19743392506587,376.20573903467545,380.21364677215104,384.22194858126863,388.2300092727968,392.23837788127463,396.24633496847366,400.2545895818411,404.26254226413545,408.2707225141775,412.27859875426105,416.28673467162815,420.294423940639,424.3023089378494,428.3099344730246
8.590481e-05 8.590481e-05 1.353947e-01 0.00 0.46076445985792436 -0.0397827163256654 0.15804679013016237 0.5647692899377309 332.2264716786566,336.23492831218147,340.24332939043603,344.25207592458725,348.26071238253024,352.2698327783928,356.2786593638068,360.28787964440295,364.2969517931225,368.3064787391355,372.3155222515864,376.3250007108535,380.33429098465115,384.34387037257693,388.3530814440648,392.3626369932193,396.3720932663129,400.38153774499466,404.3907391442172,408.4001329282303,412.4094081882766,416.4186736022495,420.4277621901242,424.43688786110863,428.4459134323706
3.395052e-05 3.395052e-05 1.688916e-02 0.00 0.4519870975200489 -0.0397827163256654 0.15804679013016237 0.5647692899377309 334.96426199282826,338.9575517015539,342.95150052027947,346.9449098481773,350.93896089349045,354.9328323614701,358.92697152944726,362.9208820113003,366.9152701442731,370.9093170093862,374.9038628219515,378.8979721131868,382.89245044755046,386.88660775091404,390.8811897661538,394.8753841176436,398.8697806358828,402.8639360661002,406.8583727801009,410.8524608746577,414.84664236793907,418.8406415759351,422.83483801338775,426.8285654627758,430.8224304143883
7.113763e-06 7.113763e-06 8.179274e-02 0.00 0.4568812164010629 -0.0397827163256654 0.15804679013016237 0.5647692899377309 331.67571957756724,335.67876044184857,339.68038533925414,343.68265954723046,347.6846848061743,351.6871931805115,355.68938614599216,359.6921663087919,363.694635362174,367.69736941430494,371.69994393503237,375.7027780216382,379.7054210401896,383.7084538150834,387.71118530176585,391.7141237546656,395.71678180250063,399.7197189733819,403.7223078166158,407.7252918638366,411.72767662503355,415.73052902281614,419.7328964872167,423.73546413193765,427.73774521689313
3.274398e-08 3.274398e-08 2.139622e-01 0.00 0.45539172262148336 -0.0397827163256654 0.15804679013016237 0.5647692899377309 335.4631477856747,339.462245998143,343.46190088016516,347.461291173427,351.4613279520526,355.4610658105847,359.46124487047024,363.4609985763153,367.46131212179137,371.4612708216882,375.46171693258015,379.4616310874407,383.4621052848786,387.4621924655159,391.4626035157983,395.4626608878887,399.4630510308729,403.4632062610898,407.46350014248486,411.46338935867163,415.4635456628399,419.4634261603798,423.463586411416,427.46313968183824
4.907298e-04 4.907298e-04 7.375662e-02 0.00 0.442850106030001 -0.0397827163256654 0.15804679013016237 0.5647692899377309 337.5656612356765,341.54322156310985,345.5204311513875,349.49819919870833,353.4756976388995,357.4536571749273,361.4312669403102,365.409383343927,369.3871196838511,373.3653082621395,377.3431137708206,381.32131934414656,385.299089820217,389.27732795938647,393.25511644492667,397.23331208852284,401.21112184127384,405.18915899382984,409.16691173798614,413.14481477887983,417.12245416656117,421.1000039811456,425.0775615911442,429.05515982231276,433.03228249416287
1.408883e-04 1.408883e-04 1.549532e-01 0.00 0.46230551225087363 -0.0397827163256654 0.15804679013016237 0.5647692899377309 332.4422136468025,336.45348392253146,340.464264190641,344.4758961926052,348.4869389823118,352.4987077744859,356.5100105393036,360.52193404100694,364.53353028467876,368.54566779146967,372.5572569509272,376.56939173633106,380.5811703037401,384.5934217947449,388.6052336699533,392.61742375283166,396.62925188987407,400.64147782162763,404.65312444161407,408.66513467519206,412.6770321996152,416.6888938835022,420.7005762819691,424.7123253797668,428.7248411974103
2.687162e-04 2.687162e-04 4.168813e-03 0.00 0.4651201674750399 -0.0397827163256654 0.15804679013016237 0.5647692899377309 332.83097607039224,336.8468270248916,340.86226375798947,344.8783936976163,348.89422862715736,352.9104877453145,356.9265906197948,360.9431156520882,364.95944947248273,368.9759848257467,372.9923735875225,377.009231016919,381.02567691238465,385.0425568644326,389.0589667322976,393.075804013691,397.092351318707,401.10914801328676,405.1255571468336,409.1423970004781,413.15873540375304,417.17534082016743,421.1916254549169,425.2081483528349
3.702832e-05 3.702832e-05 2.393216e-02 0.00 0.45184959317482876 -0.0397827163256654 0.15804679013016237 0.5647692899377309 334.94312245060104,338.93606545067644,342.9296824085744,346.92295290227617,350.91672079075306,354.91022126747316,358.90418438294927,362.89780767111944,366.8918945303933,370.88574687821006,374.8799971983679,378.8739090516099,382.8681665407184,386.8621660594683,390.85635248640244,394.85028960005974,398.84455023956747,402.83840279485247,406.83257477401656,410.8263606750244,414.82034627768695,418.81404049864875,422.8079181526753,426.8013724659891,430.79502503456257
2.530182e-05 2.530182e-05 3.605696e-03 0.00 0.45827041542104907 -0.0397827163256654 0.15804679013016237 0.5647692899377309 331.87381052656553,335.8784095791021,339.88237006719186,343.88703468429884,347.8913140472351,351.8962841192651,355.9007469483188,359.90585378323885,363.91065767961874,367.91582329684513,371.92059406092505,375.9260017868641,379.93092603533603,383.9364965176529,387.94133923146717,391.9467424524348,395.9517444290584,399.95702237030247,403.9620155032093,407.96729443271073,411.9721776881832,415.9772266439764,419.9820609940331,423.98705630171014,427.9916728963065
3.725508e-04 3.725508e-04 2.343383e-01 0.00 0.4444293023840655 -0.0397827163256654 0.15804679013016237 0.5647692899377309 337.80880223804894,341.78910453790695,345.7692989291003,349.7497803111219,353.7301009440922,357.7108168173156,361.69130238984906,365.6722530555147,369.6528939017635,373.63385040990244,377.61450636782683,381.5955251426099,385.5763049236788,389.5573021302856,393.5379103329107,397.5189728540298,401.49955027958083,405.48054681615514,409.46117489080103,413.4417900496645,417.4223720008173,421.40302313626506,425.38325737510064,429.36366884709645,433.3436287865945
3.488830e-05 3.488830e-05 1.873468e-02 0.00 0.45195052854776585 -0.0397827163256654 0.15804679013016237 0.5647692899377309 334.95838364559523,338.9517364318349,342.9453549948834,346.93875084137125,350.9328641619902,354.92637918381797,358.9205998097056,362.9144619066157,366.9088182277173,370.90274495354436,374.8971632859844,378.89129019617985,382.88559809558643,386.87987048350925,390.87421130913566,394.86831779505735,398.8628302707343,402.85679917455724,406.85116357931304,410.84507876330923,414.8393253556888,418.83327768091675,422.82720100806637,426.82081303497205,430.8147177263905
3.477500e-04 3.477500e-04 8.423504e-02 0.00 0.466414504154585 -0.0397827163256654 0.15804679013016237 0.5647692899377309 328.99072940261334,333.00873364959114,337.02672825518783,341.04428462334994,345.06250080381477,349.0804739258301,353.0990129880214,357.1170587812946,361.13577777643155,365.15417597868714,369.17315653671284,373.1914985342381,377.2104566818491,381.22903886380715,385.24802928401795,389.26651618886586,393.2855638260961,397.30420097525723,401.3231855643411,405.34173389237503,409.3606397804236,413.379168819069,417.39795689316543,421.4164273076714,425.4348383161047
4.417603e-05 4.417603e-05 1.111539e-02 0.00 0.4591926685071467 -0.0397827163256654 0.15804679013016237 0.5647692899377309 332.0053376475968,336.011357788515,340.0170119843784,344.0233999857124,348.0291300015075,352.03566315550546,356.04175173300905,360.048535869049,364.054898300013,368.0616048064654,372.06815847856484,376.07499597277297,380.0814908458184,384.088488734469,388.0951719076263,392.102034360775,396.1086738828361,400.1156162050219,404.12218439459343,408.1289531309834,412.1354330800782,416.14224119404247,420.14866836981196,424.1553350955045,428.16121030145797
2.155980e-05 2.155980e-05 7.286210e-04 0.00 0.4526778992042092 -0.0397827163256654 0.15804679013016237 0.5647692899377309 335.0654675597095,339.05991311399407,343.05493121910604,347.0497285357175,351.04501928556084,355.03981190090104,359.0353990177941,363.0305683993949,367.02602517373595,371.0212527518017,375.0169097679454,379.01227797344893,383.0080057995799,387.0033667161698,390.99905101653087,394.9945049909566,398.990059517366,402.98556418177526,406.9810647064191,410.97622420650345,414.9717607955099,418.9667651156056,422.9620872057402,426.95700651373676,430.9521823238379
1.572429e-04 1.572429e-04 1.087126e-01 0.00 0.46271313511719714 -0.0397827163256654 0.15804679013016237 0.5647692899377309 332.49835843971886,336.510225094964,340.5217081206384,344.53384182630015,348.54579333294424,352.55816744498145,356.5701168984552,360.5827670798789,364.59490835709016,368.6076255128988,372.61999145398323,376.6326982134885,380.64523728107486,384.658069391569,388.67065835628813,392.6833840122063,396.6958991012182,400.7088186805748,404.7212728469936,408.7339228863753,412.7464418954256,416.75911832838995,420.7712999813331,424.7838300303496
6.796217e-05 6.796217e-05 1.358448e-01 0.00 0.4506180280414573 -0.0397827163256654 0.15804679013016237 0.5647692899377309 334.7612593698384,338.7519454652929,342.74334315857436,346.73439899059616,350.72609141364666,354.71742689243496,358.7091504195537,362.7007117869266,366.6927024646667,370.6843509668311,374.6764196930156,378.6681513013474,382.66016977017074,386.6519329420292,390.64415807034214,394.63587858500097,398.62784161171817,402.6196549851081,406.6116522257963,410.60328817298307,414.59518650346007,418.58657951591573,422.57833168469256,426.56976167749076,430.5610995868064
8.786950e-06 8.786950e-06 6.583119e-02 0.00 0.4570581333961092 -0.0397827163256654 0.15804679013016237 0.5647692899377309 331.70097582591933,335.70412071268134,339.70613927029194,343.7086476831289,347.7109505385851,351.71384974457817,355.7162996623625,359.7192867783086,363.721925093233,367.72513485501287,371.72799326279943,375.73123129053397,379.73408037434524,383.73742999103075,387.7403088749927,391.7436633998568,395.7466648513257,399.74972824975725,403.7527911546921,407.755967558583,411.75872269898304,415.761835651712,419.764408489449,423.76739432077306,427.7699721020209
2.545880e-04 2.545880e-04 7.818968e-03 0.00 0.4647737954851306 -0.0397827163256654 0.15804679013016237 0.5647692899377309 332.7834939515582,336.7988299199532,340.8136668622379,344.8292663093266,348.84439359047957,352.86028296184554,356.87569352873373,360.89160132065456,364.90732593718633,368.92350360797263,372.9391745587584,376.9555538396962,380.97140976978704,384.98763204759774,389.0037089903951,393.0198747240422,397.03578241269906,401.0521176292742,405.06799899825774,409.08421075020567,413.0999085133237,417.11593055699046,421.1316584246654,425.1474306951462
8.406804e-06 8.406804e-06 2.779669e-02 0.00 0.4536767602545815 -0.0397827163256654 0.15804679013016237 0.5647692899377309 335.21165584474863,339.2078137216565,343.20467797019774,347.20106050905906,351.1979442460703,355.19469647618206,359.1918993383543,363.18863471740826,367.18598757175204,371.18293759985875,375.1804172612589,379.17733917159825,383.17488741984863,387.1719406356794,391.1693843765058,395.1665033455216,399.16384989013585,403.16094493746,407.1582804085995,411.1552428057089,415.15252573648775,419.14949477552074,423.1463200466624,427.143103584252,431.14010015917995
1.724643e-04 1.724643e-04 7.565922e-02 0.00 0.4630570387939473 -0.0397827163256654 0.15804679013016237 0.5647692899377309 332.54696804368524,336.5592982285257,340.5713955287524,344.5841516654296,348.5964290899751,352.60948851590183,356.6220481874623,360.6352358142812,364.64800531827717,368.66132929900175,372.6743048153819,376.6876094331211,380.7007482894302,384.71405892423553,388.72734671225095,392.7406873204345,396.7538347276424,400.7672949985554,404.78027569341725,408.79374178871075,412.8067302655152,416.8197799415904,420.8327895334205,424.8458057909062
5.367311e-07 5.367311e-07 2.282248e-01 0.00 0.4557469703676656 -0.0397827163256654 0.15804679013016237 0.5647692899377309 335.5140489866982,339.5137304378678,343.5141194046527,347.5140842850832,351.51471481636463,355.5149454144177,359.5157715807715,363.5161428545564,367.5170347304438,371.5177087399186,375.5186993547275,379.51925781870204,383.5202288383132,387.52091964540426,391.52197326075543,395.52275447794705,399.5235860895438,403.5244144056132,407.52528320246495,411.52580603120634,415.5266759120575,419.5272519916048,423.5277611142925,427.52803784399447
4.796075e-07 4.796075e-07 2.324685e-01 0.00 0.45572129266594075 -0.0397827163256654 0.15804679013016237 0.5647692899377309 335.51019305157223,339.5098879102104,343.5102901416113,347.5102057138936,351.5106637461092,355.51092971245487,359.5116806144221,363.5120325414575,367.51296027932136,371.51338976624464,375.5143989183474,379.5149865899689,383.5159732900099,387.5165988882107,391.5175664423809,395.51818696630664,399.51922846659954,403.51980697192215,407.52074294923744,411.5213047874512,415.5219883805718,419.5224923712223,423.5230507540843,427.523311829341
1.911638e-06 1.911638e-06 1.707279e-01 0.00 0.4561236896892483 -0.0397827163256654 0.15804679013016237 0.5647692899377309 335.56908016326526,339.5694205190294,343.5704654598197,347.5711292593276,351.5723520418188,355.5732938578853,359.57466867915014,363.575757485396,367.5773438943818,371.5785712113047,375.5802334755826,379.581566845628,383.5832629442665,387.5845121700185,391.5862046183592,395.5876710913467,399.58932674732574,403.59058312395064,407.5922061715714,411.5933052116377,415.59482144312483,419.5959494629239,423.59729271928956,427.5981994770725
8.975009e-07 8.975009e-07 1.287901e-01 0.00 0.45478986691263856 -0.0397827163256654 0.15804679013016237 0.5647692899377309 335.37510977739214,339.3731154291993,343.3719303040988,347.3702841560626,351.3692223489714,355.36787001389087,359.36698817496824,363.3656446690624,367.36488462265294,371.3638459591927,375.3631430945865,379.3622253672927,383.3616538929885,387.36069997241066,391.36006249355404,395.3590537951071,399.3585009623423,403.3574050291274,407.35674750474755,411.3555853350566,415.3547144862737,419.35367913328747,423.3526238012561,427.35116223996175,431.35071407357094
7.200322e-07 7.200322e-07 1.362111e-01 0.00 0.4548518612788686 -0.0397827163256654 0.15804679013016237 0.5647692899377309 335.38337873300856,339.38140829436156,343.3803131361543,347.37872396005554,351.377881297848,355.3764969629196,359.37577140664774,363.3746437324108,367.37402149215063,371.3729401744392,375.37246401120325,379.37153336405305,383.37095875416054,387.3701809425416,391.3696161006069,395.3687234259469,399.3681997227093,403.36719359443475,407.3666764889413,411.3656831775791,415.36486548794454,419.36383404644323,423.362904115538,427.36167558060737,431.3615613475638
1.660293e-04 1.660293e-04 3.338883e-02 0.00 0.44800918551282415 -0.0397827163256654 0.15804679013016237 0.5647692899377309 334.37024086205935,338.3569496374683,342.3438439614804,346.3302969845966,350.31737098547336,354.3040781703057,358.2912706266369,362.27815045601056,366.2654968766879,370.25242478638285,374.23982871909993,378.2270465528439,382.21443258374336,386.20150297429853,390.1891379945406,394.17620981320846,398.1636640269207,402.15066994183854,406.13805617523224,410.12509543229544,414.112221273019,418.0991748590299,422.0862467518985,426.0728562329373,430.05972433894834,434.047007307078
1.905510e-05 1.905510e-05 1.466481e-02 0.00 0.4578743101659329 -0.0397827163256654 0.15804679013016237 0.5647692899377309 331.8180972349224,335.8218516462988,339.825200417066,343.82919803702845,347.8329168393161,351.83712676996186,355.84101860401097,359.8454231120724,363.84951768337396,367.8541066576245,371.8582379838717,375.8628879633791,379.8671383442403,383.8719736448738,387.87627954565403,391.8809421990892,395.88540799239485,399.8899669580632,403.8942546797788,407.898769592801,411.90314481434416,415.9074856428243,419.9116550096791,423.9159291679468,427.9199536263603
7.994169e-06 7.994169e-06 3.045515e-02 0.00 0.4537175229944025 -0.0397827163256654 0.15804679013016237 0.5647692899377309 335.21835812044463,339.2146380120818,343.21138117276075,347.2078962720396,351.20496372607965,355.2016601157279,359.1990430620577,363.19601146197243,367.1933018457323,371.19029536237764,375.1878373182023,379.18497812432474,383.1825453914428,387.1795709688381,391.177221223497,395.17439928516643,399.17186430837893,403.16887504138566,407.16643377726547,411.16343838889804,415.16076412525655,419.1576710047234,423.1548202726608,427.1515044167639,431.1485502014759
1.519653e-07 1.519653e-07 2.372849e-01 0.00 0.4555408751850051 -0.0397827163256654 0.15804679013016237 0.5647692899377309 335.4840174586865,339.48337676795836,343.48332406912067,347.4830442303696,351.4833459855072,355.4831377872872,359.4836266377256,363.4836824458213,367.4842031213496,371.4843834436179,375.4850697077218,379.4853528096109,383.48597928316553,387.4862612669107,391.48709197124856,395.48743641097695,399.4880331317202,403.48843820165763,407.488829190542,411.48916640830925,415.4894591726023,419.4895465066004,423.48993208983137,427.4898788230662
7.917950e-07 7.917950e-07 2.133006e-01 0.00 0.45583754461712295 -0.0397827163256654 0.15804679013016237 0.5647692899377309 335.5275590593523,339.5274751223241,343.52796341212377,347.5281603247824,351.52886942353695,355.52928077480016,359.53019648023275,363.53080892666486,367.5319158353862,371.5325827345935,375.5336998620866,379.5345172606327,383.53575942893724,387.53668600142674,391.53784649323006,395.53872925695254,399.5398911232119,403.5407101329966,407.54170546604024,411.54249784803477,415.54353195513875,419.5440307428866,423.54481543052117,427.54526480891616
9.084044e-06 9.084044e-06 2.410678e-02 0.00 0.4536017468703876 -0.0397827163256654 0.15804679013016237 0.5647692899377309 335.2018445035834,339.1978588621802,343.19445532496024,347.1908076549241,351.1875864416618,355.18430497914835,359.18128722414866,363.17805597176766,367.17520608131133,371.1720626356883,375.1693872364337,379.16623479557524,383.1636787890799,387.1605893476545,391.1578721870296,395.1549066024103,399.1521710866892,403.14911603840676,407.1464375879184,411.14331773394713,415.14037476345965,419.13709122999103,423.1341040271492,427.1305947018493,431.1274756944783
1.882676e-07 1.882676e-07 1.693077e-01 0.00 0.4550908040607622 -0.0397827163256654 0.15804679013016237 0.5647692899377309 335.41947113631016,339.41805184413363,343.4173962942967,347.4161649253937,351.4157285496153,355.41477797825206,359.4144594731539,363.4138004092935,367.41353477543413,371.4130450239993,375.41286580595386,379.4123682528922,383.4122783777167,387.4118794970682,391.41175117418913,395.4113870872026,399.4112848797723,403.4108017848074,407.4105468126001,411.40999844064316,415.4097802610238,419.4090675248404,423.4085796630791,427.40768700738874,431.40818500306085
1.033688e-05 1.033688e-05 5.383856e-02 0.00 0.45720771314564745 -0.0397827163256654 0.15804679013016237 0.5647692899377309 331.7221257921999,335.7252623501135,339.72747899175647,343.7303479132693,347.7327810363188,351.73597051001997,355.7386954205259,359.7419702101853,363.74489966573395,367.74825615591965,371.7514071883574,375.75496301448703,379.758076913639,383.7615639678708,387.76472323433796,391.7683055108179,395.7715090233543,399.77505307026246,403.7781898944048,407.7815814990726,411.7846949636733,415.78797015399687,419.79091360085545,423.7940937639796,427.7968790478948
4.495483e-05 4.495483e-05 1.399355e-02 0.00 0.4592489166913677 -0.0397827163256654 0.15804679013016237 0.5647692899377309 332.01285892660127,336.0190165516834,340.0246678326224,344.0309850750721,348.03705983624866,352.043621249432,356.0498014271689,360.0566256593635,364.06298869428497,368.06979897804666,372.0765148164163,376.08347838555665,380.09009101214014,384.09719503232475,388.1038858012555,392.110791863265,396.1175380493859,400.12447793570885,404.131146068611,408.1381835165295,412.14471646292725,416.15150512484564,420.15792880327206,424.1646248073743,428.17083018983493
1.429107e-06 1.429107e-06 1.114882e-01 0.00 0.4546487492943461 -0.0397827163256654 0.15804679013016237 0.5647692899377309 335.3538276368257,339.3517806815483,343.3502347342556,347.34828742228063,351.3469884058493,355.3453606839495,359.34427704985427,363.34276268077235,367.34179422753243,371.3403767457121,375.33948159502893,379.3382792408891,383.3373499516108,387.33624565738893,391.33521819736586,395.33410764833667,399.33325049324515,403.3319660382507,407.331059433513,411.32966174448285,415.32853101106264,419.32713508652347,423.3258703197003,427.32438318945196,431.3232762883979
7.247092e-05 7.247092e-05 1.511971e-01 0.00 0.45043687116763603 -0.0397827163256654 0.15804679013016237 0.5647692899377309 334.7345707061319,338.7249329524229,342.7159890709453,346.70681097133854,350.6980664106679,354.6892284924307,358.68060493961156,362.67191394874,366.66350762846616,370.65485255275274,374.6465533764871,378.63798058287153,382.62984881517724,386.62131926625335,390.61306984942485,394.604559991458,398.59632285217634,402.58769104216407,406.579171406306,410.5707172140612,414.5621320190277,418.55342799014767,422.5447276330812,426.53560633646464,430.5268242872778
1.502471e-05 1.502471e-05 5.140969e-03 0.00 0.45311112204560533 -0.0397827163256654 0.15804679013016237 0.5647692899377309 335.1288496073917,339.1239714685668,343.11967486004187,347.1152221889557,351.11126057320786,355.1068998109807,359.1031844940788,363.0990659008999,367.09527967766695,371.09134233414886,375.08766073303207,379.08386756709376,383.08032434504145,387.0763207273926,391.07281649896106,395.0690891443807,399.0655483904345,403.06158099831055,407.05791366427707,411.05385829896494,415.05005049014335,419.0460811439653,423.04218036165514,427.0377803181414,431.03377426814455
3.131219e-06 3.131219e-06 1.402045e-01 0.00 0.4563534124270202 -0.0397827163256654 0.15804679013016237 0.5647692899377309 335.6022154147823,339.60291758149765,343.6043623895868,347.6054357052802,351.607099661699,355.60837423804855,359.6102102572309,363.6116147397167,367.6136297713033,371.6152544730109,375.61730329395556,379.6189444787754,383.62105555682496,387.62277557067506,391.6248948134544,395.62664068784477,399.6287539719657,403.63037220592474,407.63228207076287,411.63387366211634,415.63575918803804,419.6372057207885,423.639001715767,427.64031430362076
2.741446e-08 2.741446e-08 2.004954e-01 0.00 0.4553071115102001 -0.0397827163256654 0.15804679013016237 0.5647692899377309 335.4504479997327,339.44947229410104,343.44911592349035,347.4483508321666,351.44822422931475,355.4478625354245,359.44766467249025,363.4473120559958,367.4475724301878,371.4474411580428,375.4475406418833,379.44750114818976,383.4476980491371,387.44765985174814,391.448011925817,395.44783835532985,399.44808640271776,403.4481177435661,407.448253026395,411.4479743404971,415.4479658031771,419.4477044898478,423.4475998607007,427.4470698204402,431.4471956957166
8.810218e-05 8.810218e-05 1.440562e-01 0.00 0.4608319809126606 -0.0397827163256654 0.15804679013016237 0.5647692899377309 332.2362508294825,336.2449948768695,340.253286082838,344.2623207430208,348.27103785451334,352.28030236577695,356.2892006251775,360.2985597959011,364.3077716512945,368.3172608051276,372.32646410230063,376.33619146959154,380.34548063603614,384.35522463099835,388.3646133781568,392.37432275228883,396.38371579143137,400.3933195338976,404.40270938109546,408.4123531403316,412.42145455265455,416.43096540201185,420.4401596653394,424.4493927035558,428.4586154733214
1.968530e-06 1.968530e-06 9.869642e-02 0.00 0.4545334118996607 -0.0397827163256654 0.15804679013016237 0.5647692899377309 335.3372034973273,339.3347260401624,343.3330800661837,347.3309428072669,351.3294184994205,355.32756534746136,359.3262699327104,363.32460843972314,367.32342175624353,371.32189926120793,375.320840832577,379.31935552774155,383.3183441695002,387.3168883165087,391.3157977015417,395.314429856666,399.31332328477026,403.3118784123463,407.31064153323877,411.30916466652724,415.30782266427235,419.3060946238378,423.3047073090375,427.30297375680425,431.30155468884124
1.868185e-05 1.868185e-05 1.559859e-02 0.00 0.4578514822802308 -0.0397827163256654 0.15804679013016237 0.5647692899377309 331.81488787579985,335.8185737926843,339.82185202527796,343.825834625213,347.8294870926301,351.8337146491901,355.83745955137636,359.84190352970325,363.8459024062849,367.85032156158223,371.85459534269665,375.859152504504,379.86348507848777,383.86805722909907,387.8724344086397,391.87695694966976,395.88129736404136,399.88594969204667,403.8901795437549,407.89471711611804,411.8990023161987,415.9033654763997,419.90736159480787,423.9117743882665,427.9155583351149
2.608570e-08 2.608570e-08 2.078960e-01 0.00 0.4553506471736809 -0.0397827163256654 0.15804679013016237 0.5647692899377309 335.4573170502234,339.456423503849,343.4561222292415,347.4555214623162,351.4554405097789,355.4549609123967,359.45510964105364,363.45490719730276,367.45498526091177,371.4550577651682,375.45535105828503,379.4553349661284,383.45561804153175,387.4556133330117,391.4561088176531,395.45603370341007,399.4563743902565,403.4563722504974,407.4565892817054,411.4565921363363,415.45664900307634,419.45642046297223,423.45637458193687,427.4561320714275,431.4558518463664
5.690863e-05 5.690863e-05 8.949557e-02 0.00 0.4510122993563172 -0.0397827163256654 0.15804679013016237 0.5647692899377309 334.82009339054946,338.81146418995877,342.80358193340936,346.79546659346664,350.78782005376826,354.7798448266624,358.77238434280986,362.7645149564606,366.75720403685034,370.7495413002162,374.742377491285,378.7347663910531,382.7276889273649,386.7199289097338,390.7128307603781,394.7051813590516,398.6978843566969,402.6904213520425,406.6831769980357,410.67549374384146,414.6680015647291,418.6601687397844,422.6526403783513,426.64462617696483,430.6369680267524
3.863869e-05 3.863869e-05 5.306543e-03 0.00 0.458958740720106 -0.0397827163256654 0.15804679013016237 0.5647692899377309 331.97184109422886,335.9776168078853,339.98278986332974,343.9886261609376,347.99416017681494,352.0002071862933,356.00597513797516,360.0122452070986,364.0181655525799,368.0246354983664,372.0306473940333,376.0371102906176,380.04330121216657,384.0499047669022,388.05598521241865,392.0625344625712,396.0686509718392,400.07533324094857,404.08143595032277,408.0878438799894,412.09401657783985,416.1001477394381,420.10620662909736,424.11244151336007,428.11817598214947
1.360725e-04 1.360725e-04 9.120033e-02 0.00 0.44868451549184984 -0.0397827163256654 0.15804679013016237 0.5647692899377309 334.47296145070135,338.46039605539727,342.44839405463847,346.43609247500694,350.4243118121837,354.41227007806935,358.4006640045854,362.388825716349,366.3774321662398,370.36570410513235,374.3542419816433,378.3425962505884,382.3312588368399,386.31963033760803,390.3082167093865,394.2966790342017,398.2852294631002,402.27360507900926,406.2620980063615,410.25035957838514,414.23869371664085,418.2268108476093,422.2151767179526,426.20310585232096,430.1909888790589
2.182723e-05 2.182723e-05 7.732349e-04 0.00 0.4526635399302006 -0.0397827163256654 0.15804679013016237 0.5647692899377309 335.06330257653,339.05771198683385,343.052814751971,347.0474970268098,351.0427064108149,355.03764931613046,359.03313765626405,363.0281645774783,367.0238021995854,371.0189706626123,375.01474462882817,379.00996051194346,383.00559153180575,387.00104860083394,390.9966038100068,394.99200711751143,398.987599867215,402.9829013278815,406.9785023621702,410.9737344817456,414.96918946056064,418.9643132125621,422.95948172043916,426.95441796575756,430.9493069077825
4.847052e-06 4.847052e-06 1.101454e-01 0.00 0.456610354455885 -0.0397827163256654 0.15804679013016237 0.5647692899377309 331.63691621693704,335.63922993252777,339.64054593084734,343.64236906293775,347.64384459455266,351.6459627040291,355.6476890229078,359.64980637009137,363.6518218909384,367.65423524604364,371.6562945545494,375.6587030638705,379.66083692045436,383.66348991767995,387.66570949921027,391.66816785410833,395.67029620652903,399.6729083078218,403.67490050445684,407.6772647465044,411.6794432192113,415.68160468756224,419.6835959762815,423.6857515660443,427.6876049606415
2.939001e-08 2.939001e-08 2.094094e-01 0.00 0.4553648956494976 -0.0397827163256654 0.15804679013016237 0.5647692899377309 335.4595223261681,339.4585169278052,343.4582716964795,347.45764166731954,351.4576166604839,355.45730466618426,359.45734682615057,363.4571628540582,367.4575168847707,371.4573143010342,375.4576694526013,379.4576788834853,383.4581211058294,387.45805054252736,391.45868806646445,395.4586422452196,399.4589962321925,403.4590099975426,407.45917523540237,411.45913576689065,415.45940742161036,419.4592158054428,423.45921793811766,427.45886936641136,431.45853368739137
3.536203e-08 3.536203e-08 2.137944e-01 0.00 0.4553903045557667 -0.0397827163256654 0.15804679013016237 0.5647692899377309 335.46288687892906,339.46200531023237,343.46167890063805,347.461152663628,351.461212159902,355.46082265421825,359.4609309563343,363.4607106840453,367.46105582096,371.4610883888587,375.4614749382177,379.46152670438005,383.46191545107166,387.46205858533085,391.4623946242068,395.46243192010274,399.462997565402,403.4629591972369,407.46320245154305,411.46332977994365,415.46340375159076,419.46333686162177,423.46335410348274,427.4630238583613
3.597276e-06 3.597276e-06 7.095400e-02 0.00 0.4542513835590844 -0.0397827163256654 0.15804679013016237 0.5647692899377309 335.29646764322166,339.29365885875717,343.291485502389,347.2889697013765,351.28681319661797,355.2845826794235,359.28275127322866,363.28059518819686,367.2789562988845,371.27698886494517,375.27536341918676,379.27347267269937,383.27198952988334,387.2700412033473,391.2685004374798,395.26663810124256,399.26502547717826,403.26306717606957,407.26132475091157,411.25944478707646,415.2576279857768,419.25559484682634,423.2535110278458,427.25119024772033,431.2491474172007
1.164694e-05 1.164694e-05 4.524547e-02 0.00 0.4573236680721302 -0.0397827163256654 0.15804679013016237 0.5647692899377309 331.7387502602106,335.7420052362211,339.74438932124707,343.74738364053303,347.7501259338459,351.75340465320323,355.75643804052606,359.75987976936,363.7629730871772,367.76654802868006,371.76982706072647,375.77358165136275,379.77684865526754,383.78067172658757,387.7840348862617,391.7877359870077,395.79108059341206,399.7949451659281,403.7982714783371,407.80190095654694,411.80513488012895,415.80864018209485,419.8117495091872,423.81514812080184,427.8181081616029
1.711290e-05 1.711290e-05 2.399133e-03 0.00 0.45296481156283547 -0.0397827163256654 0.15804679013016237 0.5647692899377309 335.1073550114022,339.10234410682676,343.0978761782716,347.0930588819193,351.0888080591311,355.0842674990837,359.0802690084177,363.07583465449335,367.0719110698222,371.0676759077477,375.06386253622037,379.0597301462006,383.05594821553984,387.0518507700508,391.04798954761907,395.04391540209804,399.04012024122306,403.03589147406564,407.0319709585697,411.027568550817,415.0237078059664,419.01927689659266,423.0150868590489,427.0104623573951,431.0062314133026
7.406096e-05 7.406096e-05 9.149017e-02 0.00 0.4603661726264334 -0.0397827163256654 0.15804679013016237 0.5647692899377309 332.17100916600947,336.1787564092752,340.1863471693854,344.194587298721,348.20250500812153,352.2108566649154,356.21907509899194,360.2276984515629,364.2360779126845,368.24460322978405,372.2533217112023,376.26216381054695,380.27065175525735,384.27961952498197,388.2881593932393,392.2970873486267,396.30575397999087,400.31458940222893,404.32319269536305,408.3320021691189,412.3404402286585,416.3491463716515,420.3575001891189,424.3660685545521,428.3743502119071
4.979523e-08 4.979523e-08 1.898105e-01 0.00 0.4552378785341251 -0.0397827163256654 0.15804679013016237 0.5647692899377309 335.44024861727985,339.43911949297194,343.43865700172614,347.43770072224737,351.43749545840893,355.43670466930473,359.4367534825118,363.43624258252163,367.43623655244403,371.4359126142225,375.43617677217935,379.43579655902005,383.43598844957154,387.4357726818726,391.43602866510406,395.4357876323013,399.43596741916343,403.4357550091511,407.43580116924954,411.435447042369,415.4353255044743,419.4349234171198,423.43456338472265,427.43411728468544,431.43438371226773
2.951692e-04 2.951692e-04 7.733435e-02 0.00 0.4455885195479828 -0.0397827163256654 0.15804679013016237 0.5647692899377309 337.98858398643523,341.97108840142613,345.9532491068042,349.93591124216897,353.91841150505576,357.90132712022864,361.8839616835469,365.8669888059008,369.84976256164185,373.83289838159817,377.81565618571614,381.7987129600526,385.781696618734,389.7646905257247,393.7474657145985,397.7305835808755,401.7134026962089,405.6963752034788,409.67914502722374,413.6619947417971,417.6445536498819,421.62730638567444,425.6097748009578,429.59230988487343,433.5741508102008
6.475883e-06 6.475883e-06 4.067635e-02 0.00 0.4538789727830339 -0.0397827163256654 0.15804679013016237 0.5647692899377309 335.241528333405,339.2379606846633,343.2351563661743,347.23204730533035,351.2293117817422,355.2262425864345,359.22385723699443,363.2209993210611,367.21861967784173,371.2160087303762,375.2137573479336,379.2112458155838,383.20891831998495,387.20652476510037,391.20424309066914,395.2017117798021,399.19945835180664,403.19682669721556,407.19446431561806,411.19189300762844,415.1895219390819,419.18671145347327,423.1841317456874,427.1811241199725,431.1784867736856
3.112285e-05 3.112285e-05 1.034512e-03 0.00 0.4585908119899347 -0.0397827163256654 0.15804679013016237 0.5647692899377309 331.9195150712888,335.9245318860694,339.929136555755,343.93435626950213,347.9391769923223,351.9446209793605,355.9497840242328,359.9554630536361,363.96071153979034,367.96651008607716,371.9718721576371,375.97777382647166,379.98324164459774,383.98918389888894,387.9947086706284,392.00058869969155,396.00623769836625,400.0120268201434,404.0176432888215,408.02336522444375,412.02895545340215,416.034490278714,420.0397894232127,424.0452991858579,428.050606114348
5.427952e-08 5.427952e-08 1.876202e-01 0.00 0.4552246169106656 -0.0397827163256654 0.15804679013016237 0.5647692899377309 335.4381783989354,339.4369288680673,343.43641189279174,347.435569555708,351.43514093546884,355.4344906825267,359.434489747075,363.4339051415148,367.4339104407126,371.4335819412077,375.43375158908043,379.43344337635017,383.4335670264853,387.4333692380413,391.43358264756034,395.4332610248668,399.43325864758197,403.43314236057853,407.43311656832464,411.432777647,415.4327334716403,419.4322494063054,423.4319433014983,427.431456720168,431.4316559139525
1.020848e-07 1.020848e-07 2.302060e-01 0.00 0.4555007881743709 -0.0397827163256654 0.15804679013016237 0.5647692899377309 335.4778165003606,339.4771308159548,343.47700151454353,347.4765926767865,351.4767074632968,355.47658414305704,359.4769494061886,363.476921984297,367.47740265848915,371.4775825523343,375.4781468592107,379.4783298166928,383.4789205488215,387.479128991928,391.4797272801514,395.48008182416476,399.4806911205349,403.4808612437533,407.48108853435946,411.4814055745149,415.48170312170146,419.4818704126053,423.482030380594,427.4819090241799
4.729290e-06 4.729290e-06 1.114148e-01 0.00 0.456597161409839 -0.0397827163256654 0.15804679013016237 0.5647692899377309 331.6353240233476,335.6377392192468,339.6389319231114,343.64077712557884,347.6422190779587,351.64431930193274,355.646029856788,359.64824532240095,363.6501021156551,367.6524165238685,371.65445558055904,375.65686674127073,379.6590750779568,383.66152991585295,387.6637476094508,391.6662352090481,395.66834393575067,399.67084302374485,403.6730312505696,407.6753007177019,411.67731396049885,415.67969812289414,419.68154704978303,423.68362793849144,427.6854245856635
2.498033e-05 2.498033e-05 2.534766e-03 0.00 0.4524726329250011 -0.0397827163256654 0.15804679013016237 0.5647692899377309 335.0354921934308,339.0296348275691,343.0244588154739,347.0187891077981,351.0136348308389,355.008244130104,359.0033448141302,362.9982545582857,366.99338198975596,370.9883617561011,374.9835831356629,378.97849700576717,382.9739326310836,386.968917233864,390.96424870145586,394.95926650755877,398.9546379056501,402.94951054915424,406.94477374671123,410.93963272950907,414.9347249225181,418.9294432901219,422.9245227102836,426.9190097024867,430.91380000522634
1.354506e-05 1.354506e-05 3.488379e-02 0.00 0.45748043217560863 -0.0397827163256654 0.15804679013016237 0.5647692899377309 331.76119781681814,335.7645145798465,339.7670898989485,343.7704573207369,347.77339993822443,351.77699057081514,355.7801171051672,359.78396710028164,363.78726362590305,367.7911496330311,371.7946763690211,375.79870023701835,379.80223573196696,383.80629281553325,387.80992083119907,391.8139870629325,395.81764285226046,399.8216071359048,403.82520703249725,407.8292046588179,411.8326134410269,415.83642696558786,419.8398350499145,423.84350711142855,427.8467121073355
3.977004e-06 3.977004e-06 7.292243e-02 0.00 0.4542029080893948 -0.0397827163256654 0.15804679013016237 0.5647692899377309 335.28870074247544,339.28571545360995,343.283389646051,347.28081592887503,351.27867088271836,355.2762785141587,359.27440429032407,363.2721961915392,367.2703503101973,371.2683173490962,375.2665635454848,379.2645656591004,383.26284923895014,387.26083109161976,391.25940668875035,395.25727228789196,399.25567290658927,403.25365779115987,407.25191001664894,411.24965621339646,415.24779797228564,419.2456493249128,423.24347211940716,427.2411539027804,431.23889372159266
4.774607e-05 4.774607e-05 5.563808e-02 0.00 0.45137898761788364 -0.0397827163256654 0.15804679013016237 0.5647692899377309 334.87384901546176,338.86587242596374,342.858670593807,346.8511055943738,350.8440843371371,354.836837638286,358.82997239178286,362.8228543158692,366.816101421277,370.80921519153793,374.8024123484076,378.79562277129475,382.78904654893887,386.78217689510626,390.7756134287302,394.76871016187687,398.76208293432387,402.7550943124454,406.74844498797415,410.7413961092013,414.7344040628187,418.7273579688925,422.7204298608117,426.71309953226904,430.7059683356349
8.045839e-08 8.045839e-08 2.247168e-01 0.00 0.45547476616817867 -0.0397827163256654 0.15804679013016237 0.5647692899377309 335.4744580426879,339.47371577571806,343.4736936567156,347.47322824493665,351.47328528156476,355.473093078718,359.4734364453922,363.4734037717449,367.4737461391823,371.47396004928555,375.4743909760579,379.4745516389921,383.4751815673519,387.47535287109685,391.4760487242786,395.4762162664543,399.476630740784,403.47693371034154,407.4772585347151,411.47742559571026,415.4777269645828,419.477744385577,423.47798100233723,427.4777329646674
3.033170e-06 3.033170e-06 1.418234e-01 0.00 0.4563422569442003 -0.0397827163256654 0.15804679013016237 0.5647692899377309 335.6004516999075,339.6011975494619,343.602483228222,347.60365720346647,351.60522455601193,355.606468288245,359.6081958340544,363.6097038555721,367.6115544773588,371.613248407441,375.61515109291827,379.6168683563737,383.6189850942383,387.6206655946876,391.62271862933454,395.6245276174384,399.6264732886836,403.6280834113775,407.6301158701822,411.63168121972154,415.63344226098593,419.63501909783986,423.6365686130359,427.6379090538569
2.685808e-07 2.685808e-07 1.626921e-01 0.00 0.4550462573407032 -0.0397827163256654 0.15804679013016237 0.5647692899377309 335.4126255546288,339.4111546662197,343.4103339980102,347.4091236247452,351.40852194306115,355.4075494777235,359.4070702708251,363.40630921526287,367.40601038489893,371.4053667761447,375.4051828563687,379.40456790705525,383.40439452394565,387.40384583707163,391.4037371460139,395.40315507186375,399.40299685741803,403.40252828949866,407.40215219587486,411.40153110325764,415.4010890174289,419.4004278818943,423.39971087236637,427.39889075331405,431.39921081181876
1.529080e-07 1.529080e-07 1.718090e-01 0.00 0.45511214249711424 -0.0397827163256654 0.15804679013016237 0.5647692899377309 335.42225073311175,339.42093275077093,343.4201773092332,347.4190657237297,351.41863390027896,355.4177687861413,359.4175185727491,363.4167439382562,367.4166165435364,371.4160376837857,375.4159594973896,379.4155595188671,383.415471358392,387.4151418157487,391.4150542754913,395.4147017793,399.414574466237,403.414068039079,407.41393798827687,411.4133532469928,415.41316077512016,419.412496314487,423.41207839843855,427.4112592944786,431.4116098928574
1.117141e-05 1.117141e-05 2.086175e-02 0.00 0.4534209804251332 -0.0397827163256654 0.15804679013016237 0.5647692899377309 335.17421302259123,339.1698414302958,343.1661174392793,347.1621114974894,351.1586795765873,355.1548795706591,359.1515683390566,363.14799188223816,367.14481106106325,371.1413771675644,375.1383243246851,379.13493241886545,383.13202700364394,387.12860676190286,391.1256153630352,395.1222558875733,399.1192935110622,403.11599590243907,407.1126431477585,411.10931034804474,415.1059980651205,419.1025619386583,423.0990577883118,427.0953386076207,431.09187253082104
3.547946e-07 3.547946e-07 2.417402e-01 0.00 0.4556601105745697 -0.0397827163256654 0.15804679013016237 0.5647692899377309 335.50209481420904,339.50161799204085,343.5019112881704,347.5017672080889,351.50224925028624,355.50235443409764,359.50290646709215,363.503279058805,367.5040311034984,371.5043900355662,375.50526116196176,379.50577897891196,383.5066697537404,387.5073126133398,391.50816188460084,395.5087337133281,399.5095588026183,403.51010485136703,407.5108128939805,411.51129450893916,415.51196153897155,419.5122901014052,423.51279166637505,427.5128681501973
2.225604e-05 2.225604e-05 7.700471e-03 0.00 0.4580838814758459 -0.0397827163256654 0.15804679013016237 0.5647692899377309 331.8477478911395,335.8518528560937,339.8555445002387,343.8599446845118,347.86390248642175,351.8685693164288,355.87280416772313,359.8775172610439,363.88198179130706,367.8869412945201,371.8915826789637,375.8965000253323,379.90120475678196,383.90603394182205,387.9108624356564,391.9158980853942,395.9206488023382,399.9257149233523,403.93026713792693,407.9351132769742,411.93987600978784,415.9446547613188,419.9490758262324,423.95375167596836,427.9580321634727
6.975959e-06 6.975959e-06 8.346681e-02 0.00 0.4568617199749426 -0.0397827163256654 0.15804679013016237 0.5647692899377309 331.6733282406218,335.6762549707053,339.67786972722894,343.68011168625253,347.6821646031186,351.6845310038077,355.6866673446341,359.6894447321582,363.6918703990733,367.6945646119443,371.6971277469685,375.70015060531955,379.70267685071025,383.70562899949607,387.70815101740527,391.71119045261554,395.7137455207317,399.71672616945847,403.7193159568053,407.72206902279584,411.7247581210118,415.7274067001341,419.72984349652313,423.73241885693585,427.7345408623528
3.228676e-05 3.228676e-05 1.314446e-02 0.00 0.4520850805980546 -0.0397827163256654 0.15804679013016237 0.5647692899377309 334.97758505236607,338.9711197444763,342.9650968842755,346.95880742926084,350.9529749303315,354.94690119927344,358.94121891672364,362.93533471155644,366.9298793185947,370.92403692570707,374.91859784139007,378.91291537238084,382.90770843360775,386.9019565252774,390.8966412380813,394.8909803653024,398.88564371474234,402.8798855206687,406.8744156590639,410.8686752217057,414.8632330849777,418.8571253093168,422.8514720314342,426.8453088304415,430.8393318574276
1.814005e-06 1.814005e-06 1.736534e-01 0.00 0.4561060544326573 -0.0397827163256654 0.15804679013016237 0.5647692899377309 335.56608809634594,339.56643283353577,343.5674120098136,347.5679969951152,351.56925381382655,355.5701582767653,359.5714481735939,363.572545653642,367.57404290108263,371.5752890808288,375.5768605784834,379.5780878385111,383.57981901478547,387.5810617990366,391.582758849828,395.58398405768224,399.585688262181,403.5869410187886,407.58851506351806,411.58970458689527,415.5911296702413,419.59219751497966,423.59348071414286,427.59441108539755
5.423067e-05 5.423067e-05 3.350202e-02 0.00 0.45964739170666274 -0.0397827163256654 0.15804679013016237 0.5647692899377309 332.0691181732273,336.07595945108085,340.0821796004629,344.08915361263576,348.09589220098655,352.1031387635439,356.11003573240953,360.11740061814226,364.124568963444,368.1320781435203,372.1393306929388,376.14691919420824,380.1542512847567,384.16193380719625,388.1694000761202,392.1769696669935,396.18438576546924,400.19199231250855,404.1993383651991,408.20691505471575,412.2141170522835,416.22154726142196,420.22869331353746,424.236009955607,428.2429162596424
2.973598e-06 2.973598e-06 8.018581e-02 0.00 0.4543545026862632 -0.0397827163256654 0.15804679013016237 0.5647692899377309 335.31075981064555,339.30806798058273,343.306127220735,347.303712877263,351.3018112821462,355.2996671790011,359.2980483887484,363.29606203511406,367.294580084773,371.29280315568394,375.29128897378365,379.2896678030845,383.28820305605115,387.2864373837113,391.28511090226624,395.2834340456572,399.28202665212183,403.280214271792,407.2788160357366,411.27695849042055,415.27525295385095,419.2733209575577,423.27158729282996,427.2694705701059,431.26746910310703
1.534604e-07 1.534604e-07 1.735963e-01 0.00 0.4551301436810272 -0.0397827163256654 0.15804679013016237 0.5647692899377309 335.4238670779248,339.42262122572504,343.4218847706634,347.42085444822703,351.42028803227385,355.41952962221126,359.4193067671224,363.41860645364164,367.4184413600147,371.41788966558147,375.4178084143934,379.41747358057154,383.41740230061794,387.4170638660475,391.41696515307723,395.4165625336252,399.41649438366863,403.41613582908144,407.4158369523064,411.4154194810419,415.41515686148614,419.4145459598244,423.4140431378906,427.4132659015042,431.4137653346618
1.711274e-07 1.711274e-07 2.384994e-01 0.00 0.4555463218067486 -0.0397827163256654 0.15804679013016237 0.5647692899377309 335.48528450782777,339.4846870528061,343.4846932237314,347.48432794340135,351.4846596999308,355.4845272690972,359.4848727475825,363.48506320606356,367.48553922250926,371.48585905021287,375.48652554244705,379.4867115559694,383.4874508171218,387.48783572952675,391.4885282904206,395.4889146562326,399.4896082864224,403.4898677507131,407.4903489058318,411.4906833077257,415.4910280235998,419.49107057256674,423.4915108254414,427.49138616673355
8.040652e-07 8.040652e-07 2.132376e-01 0.00 0.45583543823480044 -0.0397827163256654 0.15804679013016237 0.5647692899377309 335.52752167652636,339.5273998412433,343.5279628290271,347.5281376613842,351.5289249271179,355.52930425317527,359.53024997921295,363.5308414189461,367.5319286020786,371.5325477244169,375.5337741473287,379.53467199311456,383.5358866028392,387.5366705140319,391.5378727420963,395.5387879328184,399.53989878745915,403.5407920861956,407.541896706413,411.54248606597224,415.5435920964259,419.5441598108011,423.5449788066847,427.5454002526726
4.799480e-06 4.799480e-06 5.605501e-02 0.00 0.4540749835044379 -0.0397827163256654 0.15804679013016237 0.5647692899377309 335.2713215386311,339.26815715286574,343.2656376620193,347.26278202589475,351.26050518154517,355.2578248503621,359.25579772891405,363.25340219765417,367.2514434640609,371.24914951696036,375.2471809378071,379.245029835094,383.24314844537315,387.2410552938191,391.2390912773992,395.2369499722494,399.2350443031378,403.2328290643594,407.2308122326994,411.22845196432166,415.22651980072874,419.2239365548802,423.2217953013018,427.21912259338757,431.21686657545126
7.938520e-06 7.938520e-06 7.363441e-02 0.00 0.45697251852912596 -0.0397827163256654 0.15804679013016237 0.5647692899377309 331.6883400503283,335.69138621148323,339.6931974313841,343.69561808438834,347.6977734525176,351.7005475299758,355.70274553209543,359.7056774665623,363.7081849297346,367.71121189742456,371.7139377379121,375.71682866749575,379.71971450850214,383.72288108340786,387.7255117258032,391.72880142317194,395.7316490778023,399.7347159145449,403.7374848604501,407.74046524997925,411.74320568827744,415.74611386282936,419.7484998958034,423.7513773840909,427.75383546297047
1.312598e-05 1.312598e-05 9.115909e-03 0.00 0.4532532663174259 -0.0397827163256654 0.15804679013016237 0.5647692899377309 335.15004293643847,339.1454113270189,343.14144668870176,347.13711041242846,351.133479960555,355.12938118240567,359.1258653992867,363.121935121129,367.1185678935654,371.11468176434204,375.1114790447632,379.10772762333926,383.1044956262895,387.10085137646706,391.0976923875283,395.09398282590405,399.0906609532811,403.086980370754,407.08356214349436,411.0797246765454,415.0762957439969,419.07239936339005,423.06878698460537,427.0648093132493,431.0609715659785
1.915576e-06 1.915576e-06 9.866464e-02 0.00 0.4545197585418842 -0.0397827163256654 0.15804679013016237 0.5647692899377309 335.3356188648978,339.3332003479024,343.3314409815001,347.3293371115718,351.3279149744202,355.3260040999344,359.32461391493183,363.32298540500267,367.32173341039123,371.3202502961573,375.3190445067462,379.3176214860607,383.31646721304963,387.3151635939185,391.3139846863634,395.3125616885664,399.3114375809018,403.3100892982859,407.30877871645527,411.3072433873209,415.30596191541963,419.3043429183105,423.30286028590024,427.3009654894791,431.2996678408971
2.871548e-08 2.871548e-08 2.042281e-01 0.00 0.45532798030559524 -0.0397827163256654 0.15804679013016237 0.5647692899377309 335.45396595223576,339.45297054028083,343.45266460897284,347.4520685127947,351.45184681909575,355.45133232993805,359.45143598122684,363.4512183902109,367.4513996261002,371.4511671588609,375.45148833101683,379.45133088886865,383.4516980985739,387.45189721234726,391.4519937155429,395.4521377977797,399.4522312250247,403.45218006950387,407.4526355368085,411.4524179548129,415.4523319652514,419.4521126790455,423.45203687444905,427.4515466392653,431.4517226314813
3.329141e-06 3.329141e-06 1.358547e-01 0.00 0.4563901843224576 -0.0397827163256654 0.15804679013016237 0.5647692899377309 331.6065406325115,335.60785585369734,339.6086643037067,343.6100967688729,347.6112012600634,351.61290248728795,355.6142990358467,359.6161097677688,363.6177729596091,367.6197419233603,371.6213903080192,375.62349681835997,379.6251785494307,383.627434629099,387.6292574331069,391.63137050582793,395.6331650915516,399.635359715729,403.63709159110886,407.639171881535,411.64079255171987,415.6428504899663,419.6442772337979,423.6459644562094,427.6473788519037
1.471067e-05 1.471067e-05 2.943451e-02 0.00 0.45756831756871813 -0.0397827163256654 0.15804679013016237 0.5647692899377309 331.774225248767,335.77764741202174,339.78050096391854,343.7839981314772,347.78713613797754,351.79074021096375,355.7940972431796,359.79805676131036,363.80155636415424,367.80559980627675,371.8093354512681,375.8135034354535,379.8171575925515,383.8213448850026,387.82523198081924,391.82939113064396,395.8331591825562,399.8373408101151,403.8410925130855,407.8451126136344,411.8489598426538,415.8528165959351,419.8563766132467,423.8600830070018,427.8635444525199
