1.504711e-03 1.504711e-03 1.170861e-01 0.00 0.45531269806747615 -0.03901910954987164 0.15804679013016237 0.5647692899377309 338.70658458904745,342.7442227765111,346.782726435513,350.8207872221885,354.85947289196696,358.897788525464,362.9366491489102,366.9751355483182,371.01408174019576,375.0527354500692,379.0918144317216,383.1305881559598,387.16961500267087,391.2083745579629,395.2475547662003,399.28625834791626,403.3253586944926,407.36408405723495,411.40305075557137,415.44173939467277,419.4806030737447,423.5191718862846,427.5578482629022,431.5962119551197
1.773736e-03 1.773736e-03 2.167575e-01 0.00 0.45531269806747615 -0.03895454952147981 0.15804679013016237 0.5647692899377309 338.9856646763339,343.0268308984567,347.068573211942,351.10998144439566,355.15190585437585,359.1935207296627,363.23575431330255,367.2776200656837,371.31996213475054,375.3619174204748,379.40424337464816,383.4462797179807,387.4886678738334,391.53080982692484,395.57328276687474,399.6153212503273,403.65776698194463,407.6997707389773,411.7420979970698,415.78402455014725,419.8263147397282,423.86828784984164,427.9102118237154,431.9518551492127
3.125276e-06 3.125276e-06 7.773564e-02 0.00 0.45531269806747615 -0.03981704120313682 0.15804679013016237 0.5647692899377309 335.30732740074325,339.30458823488084,343.30242609734347,347.29998452177495,351.2981255178993,355.2959115613863,359.2942781703782,363.292202051803,367.2905773219958,371.2886896945197,375.28722484570164,379.2854328025103,383.28398349120323,387.2822258124338,391.28085422561793,395.2789623061298,399.2775569105635,403.27571901314997,407.2740960253702,411.2724289104469,415.2706648227461,419.2687018471518,423.2667915177591,427.26464765763,431.2629386469361
1.434943e-03 1.434943e-03 7.512691e-02 0.00 0.45531269806747615 -0.03903653650498215 0.15804679013016237 0.5647692899377309 338.6305381461491,342.6674855213027,346.7050029530574,350.74209654467194,354.77994544627126,358.8173138615253,362.8552081564944,366.89274013276685,370.93091870012444,374.96863776075764,379.00676907977754,383.0444852627326,387.08277883070906,391.12064692993437,395.15882132221543,399.1966989211294,403.23490929818695,407.2727378588265,411.3108684950822,415.34850379084406,419.38635650438243,423.42404558554904,427.4619360996261,431.499307894768
4.452007e-04 4.452007e-04 2.359488e-01 0.00 0.45531269806747615 -0.039364069427453165 0.15804679013016237 0.5647692899377309 337.22373011839204,341.24370963228085,345.26438643847064,349.28496430171066,353.30585494749505,357.32650847848515,361.34768812927666,365.36857027828603,369.3898626763068,373.4106856455564,377.432135525621,381.4531873117184,385.47461936032437,389.4956627017943,393.51703500538605,397.5381106419688,401.5595778566843,405.5806115767028,409.60193549570965,413.62293937798466,417.6440598621534,421.6648611025588,425.68585414143763,429.70652337146197
8.375682e-04 8.375682e-04 1.147364e-01 0.00 0.45531269806747615 -0.03921058675287621 0.15804679013016237 0.5647692899377309 337.88080740672655,341.9086960642279,345.93729692873035,349.9655279740967,353.99432524807315,358.02279118415555,362.0518424775931,366.080495961494,370.1095448225284,374.13840162197477,378.1676335398579,382.19648048419134,386.22576852308845,390.2546653474085,394.2838899666531,398.31289248292256,402.3419713737802,406.37084551166294,410.4001218474305,414.4289357618773,418.45786470704644,422.4866628658239,426.51544614362433,430.5439427914784
4.661161e-04 4.661161e-04 1.212340e-01 0.00 0.45531269806747615 -0.040216501346258544 0.15804679013016237 0.5647692899377309 333.64346659403327,337.6209296623777,341.59897794439394,345.5765294528154,349.5550134811491,353.532976153084,357.51135712531936,361.48951133861175,365.4680399174695,369.44636287234687,373.42505211501117,377.4034393543982,381.3821599622536,385.36056698773643,389.3393363966627,393.31762324757284,397.2963831652436,401.2747119713393,405.2533275722836,409.23153070918147,413.21011290066343,417.1882104037407,421.1665902371462,425.1444616404863,429.12372315564056
1.271664e-04 1.271664e-04 1.160773e-01 0.00 0.45531269806747615 -0.0400082510188685 0.15804679013016237 0.5647692899377309 334.50771505633804,338.4954693156339,342.4838890968113,346.47180926299654,350.46042131934126,354.4487300775401,358.4374929112154,362.4258037731379,366.41474193061777,370.40323091210246,374.3923261718616,378.3809628996433,382.3699645185011,386.35878678243273,390.3478666077397,394.33640194009547,398.3255555575976,402.314246664742,406.3030350274661,410.2915713888406,414.28051743442063,418.26890851410786,422.2574684240763,426.2458328050362,430.23513142869245
1.164938e-04 1.164938e-04 1.558775e-01 0.00 0.45531269806747615 -0.03999812806219814 0.15804679013016237 0.5647692899377309 334.54936681858,338.53753920489436,342.5264627075806,346.51490886714305,350.50402972270257,354.4928116143663,358.48201738558197,362.4709302700669,366.46034281743067,370.4493934139775,374.43876531753494,378.4280819918892,382.41753295919045,386.40686980529813,390.3963782580552,394.38549546624245,398.37492721039644,402.36412724431864,406.353541807194,410.3426578437708,414.3318552066605,418.32087385839736,422.30994450312954,426.2987160890903,430.2886549234962
1.669322e-04 1.669322e-04 8.178739e-02 0.00 0.45531269806747615 -0.039525434597119324 0.15804679013016237 0.5647692899377309 336.5372714583789,340.5492184351326,344.5616979019296,348.5740995384071,352.5868097760383,356.5991837218398,360.612188086186,364.62484998990743,368.6379390178839,372.6507372069617,376.66387969792515,380.6768451030619,384.6900924998417,388.7029874665813,392.716213606159,396.729115993734,400.7422383458556,404.75501728682,408.76827648496453,412.7810823584654,416.79409054481664,420.80667968039705,424.81954715656934,428.8319711191102
3.220940e-04 3.220940e-04 5.677453e-02 0.00 0.45531269806747615 -0.03942635544495999 0.15804679013016237 0.5647692899377309 336.9584526752889,340.9754083186417,344.99289908901426,349.01012229958434,353.02796413683814,357.04547846302336,361.0634206098307,365.0810487678267,369.0992639731066,373.1169791273998,377.1351704935847,381.15313356982705,385.17133455157057,389.18933333240693,393.20749718293564,397.22547080800865,401.2436427306309,405.26150991727616,409.2796010006232,413.29745638001816,417.3154580298201,421.3330978078541,425.35113846969307,429.3686593981683
5.426886e-04 5.426886e-04 8.205344e-02 0.00 0.45531269806747615 -0.03932130541041007 0.15804679013016237 0.5647692899377309 337.4071833361247,341.4294724610609,345.4524426683897,349.4749507046665,353.49814747009884,357.52099511543526,361.54426391379735,365.56724792285974,369.5908784172739,373.6140023427595,377.6376098491916,381.66078522236586,385.6844487114414,389.70771476147513,393.7313436077849,397.75457875902765,401.7780588937607,405.80135223212227,409.82490470758756,413.84803602335114,417.8714119923167,421.8943672591256,425.9176481280927,429.9405085310966
1.503895e-05 1.503895e-05 5.438271e-03 0.00 0.45531269806747615 -0.03985992167295561 0.15804679013016237 0.5647692899377309 335.127237935341,339.12236042838214,343.1180806618828,347.1134207520645,351.1095759782735,355.1052140790089,359.10134268975185,363.09715577614446,367.09337082302187,371.0893133854038,375.0856612979844,379.08181406521874,383.0782295339825,387.07438043444444,391.07066206908723,395.0667810136015,399.06327401427023,403.05921322042786,407.0555182293942,411.0514793668328,415.04769848855796,419.0435233161993,423.0395808852529,427.0351534730471,431.031585991869
1.406596e-03 1.406596e-03 6.227804e-02 0.00 0.45531269806747615 -0.03904419762525907 0.15804679013016237 0.5647692899377309 338.5985335714732,342.6350706171464,346.6721932200827,350.70904681757395,354.74638610687765,358.78345056093076,362.8209403530831,366.8582173953216,370.89581227399555,374.93327272180505,378.9710420970965,383.0084437282511,387.04625523004705,391.08375328070343,395.1215984145905,399.1590869078922,403.19682303325214,407.2343474879662,411.2719591522777,415.3094870387406,419.3469811454175,423.38421435422214,427.4216105005036,431.45872265214877
1.529618e-03 1.529618e-03 1.355861e-01 0.00 0.45531269806747615 -0.03901295556732293 0.15804679013016237 0.5647692899377309 338.7331859387897,342.7712631287671,346.8100349886105,350.84850430560516,354.88733062081246,358.926005650636,362.9651864541977,367.0040506752683,371.04325623550244,375.08228421024035,379.12170362756626,383.1606583397437,387.20007591372547,391.2392923542526,395.27856134317705,399.31772019661497,403.35702925430314,407.39618708659685,411.4355611023767,415.47436021247137,419.5136354956806,423.5524796164343,427.59153731603436,431.6302098681078
5.277232e-04 5.277232e-04 5.240579e-02 0.00 0.45531269806747615 -0.04024455067432384 0.15804679013016237 0.5647692899377309 333.5274588415658,337.5034188540353,341.4802127529838,345.4565194079369,349.4333566626695,353.4099330533936,357.3871225190403,361.3637923422747,365.3410581345585,369.3178851230984,373.2952172583996,377.27209438183263,381.2495450533769,385.2265024094607,389.2037929647985,393.18089821359786,397.1580895394739,401.135145814638,405.11233117213857,409.0892314955696,413.0663140255064,417.04309776114223,421.02007260144677,424.99668517255895,428.9744794094764
2.484128e-05 2.484128e-05 2.478453e-03 0.00 0.45531269806747615 -0.03988145795136095 0.15804679013016237 0.5647692899377309 335.03658823398007,339.0306911211611,343.02529112939897,347.01965036063933,351.01449540658695,355.0091505681637,359.0041391414149,362.9988987524916,366.99402585013684,370.98903877701304,374.9843652251271,378.9791966226691,382.97457935147366,386.9696350295899,390.96494743196024,394.95989050920747,398.9552301652893,402.95020444075664,406.94540082446866,410.9402323380626,414.9353839984047,418.9300946143386,422.9251728084848,426.91960338668434,430.9151232179249
7.299703e-04 7.299703e-04 6.464966e-02 0.00 0.45531269806747615 -0.04032705533243455 0.15804679013016237 0.5647692899377309 333.18777187874946,337.1598722045591,341.1324083796634,345.10480831202597,349.07760250715484,353.0500729497482,357.02309831481796,360.9958725351437,364.96898808677383,368.94186670541757,372.9151203390493,376.8880962945155,380.86115479071003,384.8343863559018,388.80758582022986,392.78049699781945,396.7538717899282,400.7267082859466,404.6998454989484,408.6726895243454,412.64580422423313,416.61850203239385,420.591372609694,424.56406793109136,428.53765414585524
7.081788e-04 7.081788e-04 2.617961e-02 0.00 0.45531269806747615 -0.0392561394498108 0.15804679013016237 0.5647692899377309 337.6852571308887,341.7108739561109,345.73715712645736,349.7630510989497,353.7896616271247,357.8157127630918,361.8423860088995,365.868695230225,369.8954374642991,373.9219663179485,377.9488606414037,381.975394037765,386.0023446948809,390.02894181930805,394.05585481776006,398.0824227279631,402.1094233071973,406.1357320910538,410.1626537998989,414.18911531447975,418.2158872202258,422.24221926430334,426.2686430268133,430.2950099055612
6.878911e-04 6.878911e-04 2.170136e-02 0.00 0.45531269806747615 -0.039263933014372934 0.15804679013016237 0.5647692899377309 337.6528809425931,341.67807410292914,345.7039464998947,349.7295432631647,353.7555310576088,357.7813791363454,361.80758206250937,365.8335739344951,369.85988783619433,373.88601539253165,377.91253877324027,381.9386867683256,385.9652817415085,389.9915159845958,394.0180977731481,398.0442567329545,402.0706973577736,406.09696479296576,410.12336144688527,414.1493817546496,418.1757507328037,422.2016716624765,426.2277908543882,430.25367831325156
1.392134e-04 1.392134e-04 1.542060e-01 0.00 0.45531269806747615 -0.03954755154708171 0.15804679013016237 0.5647692899377309 336.4432495989649,340.4540793451529,344.46558106955797,348.4766646053294,352.4884277791984,356.4996368834158,360.5115535104803,364.5230972752722,368.53511267196205,372.5466527208477,376.5588063917641,380.5705546740655,384.5826314609006,388.5943611580678,392.606544966707,396.61821022823443,400.6303571165444,404.6421483719403,408.6540360540629,412.66573406500913,416.67762372399426,420.6891828181533,424.7009097315722,428.71225119018436
4.480488e-04 4.480488e-04 2.301257e-01 0.00 0.45531269806747615 -0.039362888724415165 0.15804679013016237 0.5647692899377309 337.2290008052337,341.24919507367747,345.2698952210362,349.2904168749949,353.3115689942882,357.332247160943,361.35346495628914,365.37437076114765,369.395761203929,373.41671045288314,377.438075418811,381.4592365543415,385.4806486574175,389.50189540533904,393.52335209190807,397.5445974581088,401.56590703232155,405.5869340152719,409.60839085632466,413.62938615035466,417.6507509823043,421.6717271091239,425.69266294946027,429.7134375581038
1.329053e-03 1.329053e-03 4.138700e-02 0.00 0.45531269806747615 -0.039064394479590266 0.15804679013016237 0.5647692899377309 338.51068041112205,342.5461511467986,346.5822545347506,350.61801658395655,354.6543286431067,358.69028493924986,362.72673989318156,366.76302039782837,370.7996318282508,374.83598791473725,378.87264470712853,382.9090540190478,386.9458643087059,390.982263569604,395.01908184572164,399.055481027198,403.0921720128047,407.12860554698335,411.1653305137685,415.20148988610777,419.2380704260445,423.2741910283968,427.31064793133504,431.3467680336768
7.414824e-04 7.414824e-04 7.396017e-02 0.00 0.45531269806747615 -0.04033113478821345 0.15804679013016237 0.5647692899377309 333.1703062701329,337.1421467000332,341.1145218222277,345.0866284024066,349.05915768841373,353.0315878421095,357.0043519022246,360.976778617635,364.94973975673986,368.92246826780286,372.8953958144812,376.8681448630224,380.84121867838826,384.81398131382264,388.78710790275477,392.7598624935942,396.7328247892538,400.70555200891164,404.67848958915044,408.65111570660304,412.62407214525194,416.59640824073256,420.5692056229882,424.5416268959429,428.5150128228701
7.360812e-04 7.360812e-04 3.685881e-02 0.00 0.45531269806747615 -0.03924589160167883 0.15804679013016237 0.5647692899377309 337.72918490779136,341.75528346969907,345.7819826849905,349.80851764356373,353.8355212655255,357.8620914577702,361.88936754471035,365.91627408689914,369.9434685493798,373.97046465113067,377.99784342472304,382.0249811660062,386.05240486183266,390.07950157772154,394.10693638146427,398.13408815582164,402.1615327794478,406.1886800256259,410.21583884233223,414.24294923986116,418.27020630910107,422.29690913110926,426.3239953294701,430.3507206581629
5.544982e-04 5.544982e-04 3.487023e-02 0.00 0.45531269806747615 -0.04025604170421397 0.15804679013016237 0.5647692899377309 333.4797350165946,337.45522008769177,341.4312744761847,345.4070675460956,349.38333514975795,353.3592465414716,357.3359027128247,361.31197917614514,365.2886885339388,369.2649530804298,373.2416391275368,377.21805031784857,381.1948175358638,385.1713936902001,389.1479170424883,393.12453551258307,397.10127960359284,401.07772932238805,405.05422533834655,409.0305799685995,413.007139671374,416.9833273226694,420.95965855346356,424.9357104128638,428.9132872754783
1.558411e-03 1.558411e-03 1.597720e-01 0.00 0.45531269806747615 -0.03900566853151649 0.15804679013016237 0.5647692899377309 338.76441284468916,342.80287200331253,346.84203750888,350.8808606188511,354.92022262459125,358.959134251562,362.998784612937,367.0379155849634,371.07760715498983,375.11686518317777,379.15671367263604,383.1960236689051,387.2359247580472,391.27532903518136,395.31511229660646,399.3545921735574,403.3944154716191,407.4337567477636,411.4734190785405,415.5127179326969,419.5523988855922,423.5915644982592,427.6308688701564,431.6700474901539
7.734628e-04 7.734628e-04 1.040768e-01 0.00 0.45531269806747615 -0.040342918542391144 0.15804679013016237 0.5647692899377309 333.12181156228706,337.0929936431621,341.06476158903456,345.03621802697853,349.0084561621356,352.9801205227213,356.9524123107074,360.92425156196407,364.896636753604,368.8686077078113,372.84111998475043,376.813158081794,380.7857311784096,384.7578676563081,388.7304510424058,392.7026292705997,396.67506444234965,400.6471931849241,404.6195506532329,408.5916096399644,412.5638488800618,416.53591037149397,420.5079592802231,424.47967689318943,428.45255837838545
2.661858e-04 2.661858e-04 1.130630e-02 0.00 0.45531269806747615 -0.039458264866375756 0.15804679013016237 0.5647692899377309 336.8222982815534,340.8375919628708,344.8536010171434,348.86923268834937,352.88542751417316,356.90121175578844,360.91758744493256,364.9336141305669,368.95010426433,372.9663230160827,376.9828578810789,380.99912143015047,385.0160104508615,389.0320713154146,393.0487437765679,397.0651464568072,401.08161369222347,405.0978215935475,409.11431510778334,413.1306197502923,417.1469314510774,421.16298642126156,425.1793050332883,429.19504435237167
1.043730e-03 1.043730e-03 9.772805e-02 0.00 0.45531269806747615 -0.040434758912208144 0.15804679013016237 0.5647692899377309 332.74422711080524,336.71100715017127,340.6783616104109,344.6453208890849,348.6128650206645,352.58004388046794,356.5478203432385,360.51522186643695,364.4830536699881,368.45072505273026,372.41858855145966,376.38624293560616,380.354240518616,384.32188354631626,388.2899347619599,392.257581027576,396.2254935011724,400.1931177181326,404.1610254293071,408.1286553606257,412.09639979316216,416.06372798537086,420.0314284964932,423.99867485265236,427.96697326063344
1.190818e-04 1.190818e-04 1.411569e-01 0.00 0.45531269806747615 -0.040001031209272224 0.15804679013016237 0.5647692899377309 334.53813881449486,338.52620308739466,342.5149813761686,346.5033353193087,350.49231478450014,354.480957575787,358.4700726415337,362.4588307408177,366.44815525678337,370.4370353776347,374.4265183974429,378.41537197719924,382.4048516610463,386.3939053674002,390.38326235603427,394.3723387728771,398.36175211996476,402.35069941956976,406.3399688669391,410.32896575744957,414.3181746416012,418.3069120408674,422.29597292946477,426.2846398064462,430.27429274074314
4.399655e-04 4.399655e-04 1.639135e-01 0.00 0.45531269806747615 -0.04020396763576145 0.15804679013016237 0.5647692899377309 333.695284148998,337.6733117021112,341.65190513492746,345.6303481950539,349.6091687414166,353.58784728049767,357.56688653420423,361.5456782161044,365.52476370835996,369.5037231018842,373.48296075135033,377.4619065053314,381.4412916549657,385.4202299855358,389.3996558538726,393.3786393793133,397.35797828899103,401.3368971068311,405.3161668883371,409.29502696587343,413.27419241950474,417.2529302293176,421.23177945794674,425.2104933970583,429.19019349926856
1.751891e-06 1.751891e-06 1.739139e-01 0.00 0.45531269806747615 -0.03975576627147342 0.15804679013016237 0.5647692899377309 335.5649953576012,339.56541669506504,343.5663174569187,347.5669903825949,351.56816823844594,355.56899922196,359.5704456291642,363.5715014787369,367.57305168116613,371.57416276238035,375.57573186128656,379.5770428340139,383.57871380404293,387.5799562032045,391.58168165793717,395.5828704337523,399.58453512364633,403.58582372492293,407.5873155097838,411.588593439802,415.58999890043975,419.59097731235914,423.59228602798606,427.59318453734977,431.594497951867
8.198438e-06 8.198438e-06 6.983626e-02 0.00 0.45531269806747615 -0.03972493946619406 0.15804679013016237 0.5647692899377309 335.6947994812324,339.69665463200295,343.69924707612927,347.7013726875914,351.7040969006945,355.70654608107026,359.7095603067482,363.7120403238205,367.71504676155655,371.7178153296723,375.721016897039,379.7238188261664,383.72708851541336,387.7298842477831,391.73298515319954,395.7359669700269,399.7390643104768,403.74191831731815,407.7450418563058,411.7477379346828,415.7506036394474,419.7533236928681,423.75593171006426,427.758578783934,431.76125333690266
2.264457e-05 2.264457e-05 7.139710e-03 0.00 0.45531269806747615 -0.03968718150018352 0.15804679013016237 0.5647692899377309 335.8527401219308,339.8564694780904,343.8608851414895,347.86490201703174,351.8696168991307,355.8738571239,359.87866819096297,363.8830902591951,367.8880393435293,371.89258848088645,375.8977117029291,379.902405476712,383.9074844460441,387.91225168427866,391.91728611617816,395.9220595751011,399.9270242716485,403.93167493625145,407.93664880029957,411.94131172508065,415.9461704280786,419.9505470761284,423.9553069573499,427.95968943615003
4.260047e-06 4.260047e-06 1.180989e-01 0.00 0.45531269806747615 -0.03974098927085258 0.15804679013016237 0.5647692899377309 335.62727377258796,339.6283370754278,343.6298984372181,347.63141788827517,351.63333952044064,355.6350126085899,359.63716419781764,363.6389310293373,367.6411480395832,371.6430467741164,375.6454525647174,379.6473577755432,383.6497608622586,387.65196921094105,391.65426082072935,395.65643614794715,399.65872698235006,403.6607207123027,407.6629018860233,411.6648991288291,415.66708237411723,419.6689437337717,423.67094759185557,427.6725344759673,431.6745034870037
3.488392e-05 3.488392e-05 2.133632e-03 0.00 0.45531269806747615 -0.03966460589169046 0.15804679013016237 0.5647692899377309 335.94900978148803,339.9539097218361,343.9594283775841,347.96469288966296,351.97049617193153,355.97593707536254,359.9818028894752,363.9875565699691,367.99363577067703,371.9994024343252,376.00557631568114,380.0113338901647,384.0175582868588,388.02353693111877,392.0297445765031,396.0357009602135,400.0418527468308,404.0476145935061,408.05377716825257,412.05944474185327,416.06547432724045,420.0711467013385,424.07689526153166,428.0824582381095
2.690747e-06 2.690747e-06 1.487388e-01 0.00 0.45531269806747615 -0.039749443289835394 0.15804679013016237 0.5647692899377309 335.5915951763073,339.5922848801806,343.59351936471154,347.59457501336243,351.59591141704476,355.59729182003343,359.59892162730006,363.6002258861882,367.60218821215653,371.60356186307735,375.6055273617449,379.60712582394314,383.6090296024076,387.6107076012754,391.6126782638469,395.6142944488305,399.6163528718798,403.6177967060233,407.61969707548803,411.6211760832552,415.6229167641241,419.6243306406193,423.62579125761715,427.6270916054748,431.62869771961
6.970887e-06 6.970887e-06 3.711243e-02 0.00 0.45531269806747615 -0.039834322379300104 0.15804679013016237 0.5647692899377309 335.2339795856381,339.23038546712974,343.2274461522744,347.224036577478,351.22131610984036,355.2183608509606,359.21567252204585,363.21272217506316,367.21040130770507,371.2075744733876,375.2052507827801,379.202486155958,383.2001319817785,387.19748017447046,391.1952171481961,395.1926992567845,399.19027810668024,403.1876194287394,407.1851447697951,411.1824147414747,415.1798277966699,419.17691870621985,423.1742037710263,427.1711469885752,431.1687517883732
2.580351e-04 2.580351e-04 2.429919e-02 0.00 0.45531269806747615 -0.04010466760154673 0.15804679013016237 0.5647692899377309 334.10677415722347,338.08971892643336,342.07322108007435,346.056463092607,350.0403311498215,354.02374501437293,358.0077830893459,361.9914775968846,365.97552733782504,369.9594574597528,373.9435817251553,377.927413584134,381.9115304104693,385.8954284485002,389.8797863995549,393.86372078002904,397.8480093290452,401.83191814865177,405.81598284616973,409.79970649476553,413.7837991052513,417.76745269475094,421.75137081759783,425.73481087673247,429.71953504955405
7.880523e-05 7.880523e-05 1.077180e-01 0.00 0.45531269806747615 -0.03960553173024193 0.15804679013016237 0.5647692899377309 336.1977429323093,340.20554449701825,344.21410880901516,348.2222832338145,352.23109492993115,356.2393841025451,360.24838018679475,364.2569760699083,368.26598246994627,372.27474811917244,376.2838350339021,380.2926832483901,384.3020123726499,388.31074058638035,392.31984715683984,396.3288029043816,400.3378954113743,404.3467539966284,408.35583030636985,412.3645873013454,416.3735427978463,420.3820318355602,424.3909391041804,428.3994189814042
1.682046e-06 1.682046e-06 1.060329e-01 0.00 0.45531269806747615 -0.03980744322328011 0.15804679013016237 0.5647692899377309 335.3470771448011,339.34480786355704,343.3432453012009,347.3411108020352,351.33977334026565,355.33803689134106,359.3368440648312,363.3352307254851,367.3341001821326,371.3326798153408,375.33169923575383,379.33035983661466,383.3295050189513,387.32820306103696,391.3271823054583,395.3257944634975,399.32484646275526,403.3235108739639,407.3224665547923,411.320945518899,415.3198688942974,419.3183080572705,423.3170260155909,427.31517064505596,431.3141559007836
4.366404e-05 4.366404e-05 4.231220e-02 0.00 0.45531269806747615 -0.039914213084326515 0.15804679013016237 0.5647692899377309 334.90003913588066,338.89249365116166,342.88540736523566,346.8781069875711,350.8713659481384,354.8644339728006,358.8578618391489,362.85086343921006,366.8445562331544,370.83784847045325,374.8313042852459,378.82482941620293,382.8184384205376,386.81179557663785,390.80558334368027,394.7988435102943,398.7927218779832,402.7858922724892,406.77943201169614,410.7728070822514,414.7662739858331,418.75937064256965,422.75265892627175,426.7456445798858,430.7395025071458
2.680706e-07 2.680706e-07 1.632855e-01 0.00 0.45531269806747615 -0.039791733516807905 0.15804679013016237 0.5647692899377309 335.4135309300867,339.41202445978047,343.411306484199,347.41002954236217,351.4093784045204,355.40847551912935,359.4081108555475,363.4073082833964,367.4069794752316,371.4064734617843,375.4062100682688,379.405627452094,383.4055192153804,387.40492808264116,391.4046300383392,395.40425644490125,399.40407707938414,403.40355985205053,407.4032311345941,411.40257600140757,415.40224027683996,419.4014105617777,423.4008717997213,427.4000194241609,431.3995638877456
3.176135e-06 3.176135e-06 7.682726e-02 0.00 0.45531269806747615 -0.03981735650019397 0.15804679013016237 0.5647692899377309 335.30591338286905,339.30316215881703,343.30113728879405,347.298585152488,351.29669520183967,355.29444242344414,359.2926591408166,363.29065986063785,367.28910629604735,371.2872308649516,375.2856788387044,379.28389628064974,383.28242662559035,387.2806344894318,391.2792117498546,395.27732597728897,399.2758979739029,403.2741430569863,407.272636719778,411.27055649164754,415.2688797692272,419.2668683466557,423.2649952308222,427.2627917769498,431.2613375404869
7.559802e-05 7.559802e-05 1.697770e-01 0.00 0.45531269806747615 -0.0399560847546 0.15804679013016237 0.5647692899377309 334.72495115882674,338.7152067890546,342.7062154123689,346.69663103419737,350.6879316666203,354.6787892536937,358.6701313802913,362.6611747040029,366.6527118634825,370.6437641276285,374.6353504090981,378.62665531538886,382.6181881932831,386.60955802137227,390.60116241712166,394.5924335052686,398.58397545792786,402.57533950784625,406.5666937956815,410.5579603739663,414.549279144586,418.54032538321917,422.531634297038,426.52244856199115,430.51427413052795
2.256208e-04 2.256208e-04 7.431350e-03 0.00 0.45531269806747615 -0.04008376339412686 0.15804679013016237 0.5647692899377309 334.1937930636289,338.17787112847765,342.1625296474768,346.1467493497525,350.13151043103727,354.1161206817864,358.10122775489566,362.0858639192554,366.07101910066945,370.0558376245069,374.04102590172454,378.02598755837914,382.0113233488562,385.99625132545884,389.9816147851142,393.96656571991633,397.95176031484925,401.93674080386893,405.92180435995095,409.90660461095257,413.8917489228672,417.8763967710221,421.86139492981084,425.845976111748,429.8316198665105
5.331287e-08 5.331287e-08 1.910410e-01 0.00 0.45531269806747615 -0.039785044720616426 0.15804679013016237 0.5647692899377309 335.44154542900833,339.44024326796983,343.43982414838035,347.4389743189693,351.4387650833412,355.4380973589136,359.43806791220453,363.43758820393583,367.43760920634577,371.4372963495111,375.43752070172036,379.4371581159205,383.4374664920551,387.4372569830357,391.43745615863355,395.43727114420835,399.4372611952952,403.4371429516418,407.43726026792035,411.4368330326155,415.43688283538773,419.4364148158336,423.436151131128,427.43548859002925,431.43549718972804
9.705468e-05 9.705468e-05 1.802419e-01 0.00 0.45531269806747615 -0.039586085503551756 0.15804679013016237 0.5647692899377309 336.28004660830726,340.28886175609597,344.29837235738887,348.3074862259878,352.3172432247584,356.3266051794953,360.33651459643767,364.3461231946376,368.35615059813296,372.36583460638735,376.3758906117456,380.3858483212449,384.39599588449494,388.40576551960896,392.4159502394407,396.42580644899436,400.43592140239406,404.44566639368134,408.45568877165323,412.46553146258736,416.47537631733013,420.4848916775954,424.49475239762904,428.5041232628255
4.674515e-08 4.674515e-08 2.185855e-01 0.00 0.45531269806747615 -0.03977904297368068 0.15804679013016237 0.5647692899377309 335.4671479609037,339.46639793063235,343.46611407811525,347.46558495810086,351.4656835399896,355.4653370015595,359.46557411886414,363.4654641392189,367.4658277807344,371.46579408842314,375.4661925283645,379.46640257330466,383.4667997413866,387.4669797640896,391.4674539084868,395.46763895965904,399.46812361546324,403.4680824953802,407.46859308606304,411.4685876127657,415.46872533815105,419.46874273743157,423.46880678582943,427.46854571034373,431.46877971891286
5.614170e-05 5.614170e-05 3.731982e-02 0.00 0.45531269806747615 -0.03963289660676389 0.15804679013016237 0.5647692899377309 336.08196697651675,340.0884566779731,344.09555164573555,348.10240436279383,352.1097684857994,356.11683758564305,360.1244306789598,364.1315705303376,368.139164845932,372.14649292323696,376.154328521321,380.16175925885705,384.1695590245276,388.1770885585217,392.18482913269276,396.1923374828442,400.2000919324458,404.2075368580345,408.2152149862011,412.22252544681146,416.23005433924646,420.23739756542534,424.24478189894353,428.25183740182456
9.405220e-07 9.405220e-07 2.045358e-01 0.00 0.45531269806747615 -0.039762780650633975 0.15804679013016237 0.5647692899377309 335.5351592795185,339.53509996611075,343.5359391363886,347.5360627500985,351.5368357692869,355.53734949559254,359.5384536003588,363.53908281776245,367.5403587800611,371.541047995085,375.54244600001743,379.5432948559493,383.54453434264036,387.54544120400277,391.5467289870226,395.5477955345527,399.54895991863225,403.54990995826506,407.5510770137685,411.5519401564654,415.55301780868785,419.55366509977375,423.55451950928455,427.55509776138297,431.5560879970492
6.047493e-07 6.047493e-07 1.423744e-01 0.00 0.45531269806747615 -0.039796995394754196 0.15804679013016237 0.5647692899377309 335.3908422549113,339.38913035880864,343.3880271220423,347.3865381259508,351.385697299115,355.384481476324,359.38385376581556,363.3827166317552,367.3822080234718,371.3811692704077,375.3807648256182,379.3800094891873,383.37952583875585,387.37880406864133,391.37840515484817,395.37752871281856,399.3769847203177,403.37631029076226,407.37562790476596,411.37474389747484,415.3740637251382,419.37308822560294,423.37227151056936,427.37113561770275,431.37044825422197
6.145568e-05 6.145568e-05 1.070486e-01 0.00 0.45531269806747615 -0.03993885331520592 0.15804679013016237 0.5647692899377309 334.79681901225143,338.7880154270254,342.779807977992,346.7712550938515,350.7632761006649,354.755017460232,358.74719832018945,362.73913513891637,366.73144481396656,370.7234306487094,374.71588937159976,378.7079288004536,382.7004084364066,386.6926033986049,390.6851287784309,394.67715344801553,398.669703059892,402.66169555836325,406.65415747661655,410.64616700783716,414.63833926708975,418.6303480862576,422.62242650837374,426.61412605629414,430.60669953342193
1.959549e-06 1.959549e-06 9.935172e-02 0.00 0.45531269806747615 -0.03980965058776456 0.15804679013016237 0.5647692899377309 335.3381730498217,339.33585076350766,343.33407285551107,347.33198863626154,351.3305217147351,355.3286594298802,359.3272334241224,363.3256920338948,367.32446037838884,371.3228852194654,375.3217974095247,379.3203449239162,383.3193017067264,387.3178725710607,391.31677952020345,395.3155072561416,399.31437712485695,403.31294582212837,407.3117235029123,411.31014494216714,415.3089345522546,419.3072703919134,423.3057383842607,427.3039837150373,431.3027317290014
2.254187e-04 2.254187e-04 7.350963e-03 0.00 0.45531269806747615 -0.040083218962492326 0.15804679013016237 0.5647692899377309 334.19507959383503,338.17905070244933,342.1636389859067,346.1479492459147,350.132750606284,354.117396436611,358.10238856198544,362.08711327064344,366.0722972958987,370.0571122231159,374.04236981773437,378.02740068825943,382.0125705631287,385.9976210044881,389.98282602695934,393.9679063443819,397.9531863994358,401.93800520200506,405.92327499260705,409.90805158415316,413.89315414066147,417.87790109817786,421.86277986879276,425.84731179049146,429.83305454169596
1.963628e-05 1.963628e-05 1.221903e-02 0.00 0.45531269806747615 -0.03969323556876671 0.15804679013016237 0.5647692899377309 335.82714873436146,339.8305962947011,343.8347737061983,347.83847014052407,351.84269301465116,355.84675014773217,359.8512905705122,363.8554156963302,367.8600579297558,371.8643597511584,375.869084735857,379.87354216938644,383.8782160160384,387.8826989894517,391.88743161397775,395.8918842474028,399.8966406611465,403.90098765052994,407.9055831100762,411.91000243474116,415.9145869295459,419.9187379493568,423.9230939267965,427.92704970842726,431.9313125052821
2.605704e-05 2.605704e-05 3.608293e-03 0.00 0.45531269806747615 -0.03988390806964054 0.15804679013016237 0.5647692899377309 335.02672319808744,339.0206792291421,343.0152000238362,347.0093804667058,351.00416039386766,354.9985954241654,358.9935837918438,362.98816399289,366.9832769194165,370.9780067794238,374.9732729781419,378.9680619051445,382.9632724238358,386.9581640395502,390.95332415033556,394.94831796839355,398.94352500411867,402.93829900149194,406.9335167564339,410.92825461016434,414.9231696330649,418.9177006417288,422.9126590817664,426.9070277383465,430.9023160322599
1.692186e-04 1.692186e-04 1.148374e-01 0.00 0.45531269806747615 -0.03952402648409521 0.15804679013016237 0.5647692899377309 336.542805089946,340.55485683926787,344.56749207589235,348.5797222837716,352.592593502983,356.6051317405782,360.61805339578825,364.63087423265574,368.64398366983045,372.6567823332873,376.6700818355339,380.6830631918633,384.6963361422512,388.70937189804164,392.7226279210346,396.73556141051847,400.7488755132834,404.7617586794642,408.77499735224654,412.78790486378836,416.80072825393466,420.813641912101,424.8264923489794,428.83908868891154
2.233830e-04 2.233830e-04 1.275382e-02 0.00 0.45531269806747615 -0.03948541529869049 0.15804679013016237 0.5647692899377309 336.70730785419727,340.7211817699869,344.73575572574845,348.75014112045557,352.7648203218257,356.77940639347605,360.79437775309106,364.80903784585354,368.8242063726365,372.83900464469275,376.8541048081349,380.869120631896,384.88431426228476,388.89926844497757,392.9146542230331,396.9294803298397,400.9447130045693,404.9596479429791,408.9747340698887,412.98953045973724,417.0044827395164,421.0193026278536,425.03407491622477,429.04861126116555
1.651165e-03 1.651165e-03 2.362348e-01 0.00 0.45531269806747615 -0.04060591601688867 0.15804679013016237 0.5647692899377309 332.04516630987166,336.003591371435,339.962582750722,343.92118793331804,347.8805489000875,351.8393461258995,355.7988165055735,359.7578067388712,363.7173037947651,367.67667225797993,371.63626319964425,375.59547174667796,379.55521967022855,383.51450953955117,387.474209647853,391.4335523773546,395.39324597303977,399.3524937517465,403.31213613881454,407.2713130276731,411.23088621510635,415.1898284984058,419.14914158815293,423.1081054374222,427.0679625920334
1.353357e-07 1.353357e-07 2.357628e-01 0.00 0.45531269806747615 -0.03977538412356361 0.15804679013016237 0.5647692899377309 335.4824156518318,339.4817686780514,343.4818047880209,347.48153576077823,351.48164131409794,355.4815602725485,359.4819620110115,363.48203398801,367.48252590580694,371.48277710756327,375.4833010338648,379.48358093669435,383.48408429762634,387.48472817947334,391.48535705161436,395.4856582491725,399.4861634336759,403.48662681627394,407.4870959418154,411.48730272185867,415.48762973430473,419.48781475149036,423.4879866110902,427.48795640377756,431.4883038301001
2.733946e-07 2.733946e-07 1.632201e-01 0.00 0.45531269806747615 -0.03979176366054966 0.15804679013016237 0.5647692899377309 335.41337748650704,339.411986071721,343.4111267861031,347.41007038740327,351.4093426004584,355.4083518800342,359.4080314623571,363.40727484432887,367.40702689291277,371.4062768294438,375.4061433172393,379.405543923107,383.4054015152938,387.40489760824795,391.4047533898498,395.404225674176,399.40408664989945,403.40336403872845,407.40314547065003,411.402446447687,415.40214070552537,419.40129738243024,423.40079379945286,427.3997712379203,431.39952316920255
3.061760e-05 3.061760e-05 1.020741e-02 0.00 0.45531269806747615 -0.03989279620658789 0.15804679013016237 0.5647692899377309 334.99001021845027,338.9834246075477,342.97753282990493,346.9713246878733,350.96571514833516,354.9597148654144,358.9542695408444,362.94842587303185,366.9431403403668,370.93733642248856,374.93207303152246,378.9265116564088,382.92132452544973,386.9156833640938,390.9105722533915,394.90502376567576,398.89966917665487,402.8940838205319,406.8887666604476,410.8831023217386,414.8776799056748,418.8717749551763,422.866258571912,426.8603529802058,430.8552037517405
8.826712e-08 8.826712e-08 2.280388e-01 0.00 0.45531269806747615 -0.03977701036232268 0.15804679013016237 0.5647692899377309 335.4756459440083,339.4749245940583,343.47479913335644,347.474453694181,351.47458599453006,355.4743820674133,359.4746622913889,363.47468603515233,367.47513115840223,371.4751494212473,375.4757434250288,379.47592396030814,383.4765241958999,387.47676341495537,391.47732684929593,395.47761288078453,399.4781892520386,403.47821252121855,407.478791693501,411.4789388634515,415.47934760598775,419.4794065018225,423.47937352557517,427.47938143565466,431.47962634281873
7.609140e-05 7.609140e-05 1.722332e-01 0.00 0.45531269806747615 -0.039956697970532085 0.15804679013016237 0.5647692899377309 334.7223904516036,338.7126292856255,342.7035377191917,346.6941311065805,350.68529212807493,354.67612418395584,358.66748184734814,362.6584298139043,366.6499508700116,370.6410010862796,374.63254210723187,378.62378248894436,382.61535538185257,386.60663145602217,390.59819954985704,394.58946493236954,398.58107888214295,402.5723495720531,406.56366515010603,410.55480102885286,414.5461669152108,418.5371867435694,422.5283628833267,426.51921753521884,430.51112381414265
3.816117e-05 3.816117e-05 4.696154e-03 0.00 0.45531269806747615 -0.0396589432963812 0.15804679013016237 0.5647692899377309 335.9717511019215,339.9769891839422,343.98287315044126,347.9883280229215,351.9944093752731,356.0001641554163,360.0063419225306,364.012230421012,368.01856591703466,372.024625314981,376.03102664977786,380.03721626574077,384.043728754912,388.0499248414521,392.0562411283479,396.0624664495475,400.06891381675695,404.07504338925276,408.0813348450635,412.0873329315122,416.09370110271504,420.0995557726515,424.1056878819699,428.1115184425141
1.690061e-04 1.690061e-04 3.495795e-02 0.00 0.45531269806747615 -0.04004260223350892 0.15804679013016237 0.5647692899377309 334.3640171748429,338.3501062538912,342.33671452075714,346.32295994356144,350.30987842247555,354.2964577762196,358.2835205499991,362.27027393911715,366.2573706080349,370.2443387969285,374.23153656162316,378.21838168456935,382.20575933497236,386.19263560331297,390.180038487975,394.1671429318213,398.15425892805786,402.1412394102642,406.1284401968668,410.1153008947158,414.1024330272515,418.08920790586774,422.07610842728093,426.0626134469632,430.0503836604007
1.131531e-05 1.131531e-05 1.472113e-02 0.00 0.45531269806747615 -0.039848960460446614 0.15804679013016237 0.5647692899377309 335.17273644410346,339.16844358898686,343.164748276528,347.1607437343854,351.157291318496,355.15344917111497,359.1500894441337,363.1465753412074,367.14329704455264,371.13978193467415,375.1367596030892,379.13325108767066,383.13021948651595,387.1269522891357,391.12380514481185,395.1205276344944,399.11746380626005,403.11394360293195,407.11076939566544,411.10723850078676,415.10410936058685,419.1005243558434,423.09693187853827,427.09326249440517,431.0901318798519
9.734362e-05 9.734362e-05 1.818254e-01 0.00 0.45531269806747615 -0.03958571404871685 0.15804679013016237 0.5647692899377309 336.2816271909751,340.29052032311085,344.30000306303083,348.3091715574793,352.31883320772744,356.32824129151345,360.338265486632,364.34781762790885,368.35788813586584,372.3677046031006,376.37769734593485,380.38758920226985,384.3977585370743,388.4076334115527,392.41784566910036,396.4276366895137,400.4377423119275,404.44758460539174,408.4577553224752,412.4673426276115,416.47741464525956,420.48693897461743,424.49669757472765,428.5060839513384
9.791821e-06 9.791821e-06 5.663579e-02 0.00 0.45531269806747615 -0.03971961695757806 0.15804679013016237 0.5647692899377309 335.7171818005885,339.71930753442876,343.72211511483727,347.7246273664449,351.7275801385109,355.73033955550983,359.73345709178494,363.7364040434513,367.7396053570176,371.74262488295176,375.74606475092696,379.7491121291675,383.75251893151574,387.7558199393003,391.7589526615017,395.7622879052305,399.76577561474465,403.76892794869866,407.7721988534808,411.77531154902266,415.7784212212205,419.7813084683818,423.7844537525925,427.78708828965,431.79002880866324
1.697496e-06 1.697496e-06 1.057594e-01 0.00 0.45531269806747615 -0.039807657250898104 0.15804679013016237 0.5647692899377309 335.34676436599483,339.3444362831576,343.3427861583242,347.3408416988684,351.3393067346927,355.337650314228,359.3364665580159,363.334838793593,367.33376389710736,371.3323672508945,375.3312818428519,379.33000879177035,383.3290151707877,387.3277430436888,391.32669298748885,395.3254390007197,399.32449408584677,403.32316845768804,407.3220901873748,411.32047044502644,415.31936153621723,419.31774089548026,423.3166283887165,427.31476357787466,431.3135885824567
2.432893e-08 2.432893e-08 2.048295e-01 0.00 0.45531269806747615 -0.03978195210737182 0.15804679013016237 0.5647692899377309 335.45454954015787,339.45363452491915,343.45327661874956,347.4526731189149,351.4524673420318,355.45191359731683,359.45213030877363,363.45183490318385,367.45205884546397,371.451894817581,375.4521870966812,379.4520664346941,383.45243042098645,387.452266146357,391.4526445218828,395.4527690759729,399.4530181169944,403.45289600154524,407.4530681040696,411.45309384294217,415.453131950688,419.4527548033138,423.452697233802,427.4523518511858,431.45238133698695
1.699574e-05 1.699574e-05 2.533534e-03 0.00 0.45531269806747615 -0.03986424907616036 0.15804679013016237 0.5647692899377309 335.1090377691871,339.10397798550815,343.0996049212474,347.09467032763763,351.0904852583176,355.08593078858405,359.0818114590319,363.0774504130447,367.07347756554225,371.06920893475194,375.0654951878343,379.06123841319675,383.0573468786212,387.05328422350243,391.04937745887554,395.045421123588,399.0415343015204,403.0373828823171,407.0334554290977,411.02928504208734,415.02511468596765,419.02079530641254,423.01659637436353,427.0120734456429,431.00817321433414
6.080209e-08 6.080209e-08 2.228385e-01 0.00 0.45531269806747615 -0.03977800181379776 0.15804679013016237 0.5647692899377309 335.4710405266917,339.4702458351533,343.4701723722973,347.4696405651964,351.4696911150232,355.4694603226642,359.4696848337089,363.46962157050837,367.47008155169,371.4700500683157,375.4705625282284,379.4707609198311,383.4712786509973,387.47148722984684,391.47196796334265,395.4720457879686,399.4726225808013,403.4727870624295,407.47325854236703,411.47323947435956,415.4734808080162,419.4734917173298,423.4735442812429,427.4733879753564,431.4736122688224
2.086214e-05 2.086214e-05 1.045021e-02 0.00 0.45531269806747615 -0.03969096160889985 0.15804679013016237 0.5647692899377309 335.83675041332356,339.8402369788083,343.8445392145352,347.8484322187638,351.85271172972534,355.8568941831571,359.86152294129903,363.86584637969185,367.8705678150854,371.8749729605129,375.87985769650186,379.8842726592918,383.88921968569764,387.8937837445552,391.8986357969282,395.9030241281783,399.90792595602994,403.91257139189844,407.9172207673928,411.9217861963834,415.9263603263231,419.93057551257755,423.9351328435909,427.93929064048797
5.969648e-05 5.969648e-05 4.668431e-02 0.00 0.45531269806747615 -0.03962820923547138 0.15804679013016237 0.5647692899377309 336.101653663363,340.1085546919615,344.1158291409724,348.1229162982575,352.13043015274343,356.13768305616975,360.1454845131721,364.1529558103271,368.1608850218809,372.1683283081274,376.17636862462916,380.18399764329945,384.1920713142577,388.1998352761106,392.2077974433851,396.21549486463766,400.22352542367713,404.23114341798515,408.239181756653,412.2467438700214,416.25444805586534,420.2620173167891,424.2696036560046,428.2770034619207
4.136271e-07 4.136271e-07 2.356524e-01 0.00 0.45531269806747615 -0.03976945412683711 0.15804679013016237 0.5647692899377309 335.50708342291534,339.50666628440695,343.5069509843598,347.5068945560812,351.5074459364311,355.50757930828263,359.5083325437162,363.5086376856584,367.50952479282046,371.5099112995414,375.5108992481084,379.51135179002586,383.51238407308955,387.51306674613915,391.5140675770763,395.51459129386245,399.5154969498076,403.51604779304967,407.5168821814598,411.5173945530188,415.51812406282085,419.5184739886863,423.51910518750435,427.5192967392032,431.52000627732076
1.491442e-04 1.491442e-04 6.350712e-02 0.00 0.45531269806747615 -0.04002688860020516 0.15804679013016237 0.5647692899377309 334.4296242212467,338.41632892227227,342.40365605780164,346.3908503513907,350.3784884635378,354.36577101608606,358.3536208515239,362.34116855418137,366.3290468703598,370.31669113093636,374.30483461888065,378.2925096216023,382.28058664192156,386.2683867670865,390.25650082225656,394.24419810992003,398.23226551898586,402.2200516943154,406.20802312156184,410.1956041558187,414.183539541485,418.171007404201,422.15878728211686,426.1461511794877,430.1344072099248
5.149518e-05 5.149518e-05 6.580277e-02 0.00 0.45531269806747615 -0.039925445024078327 0.15804679013016237 0.5647692899377309 334.85287309405095,338.84461548808935,342.83714000842633,346.8293223407433,350.82195159610205,354.8142795936525,358.8071713527404,362.79964404204003,366.79281756053695,370.78548450148605,374.7785793797232,378.7712462364657,382.76445513525886,386.7572298882739,390.7504659748151,394.7432755448385,398.73633693962205,402.7290921086633,406.72207714614717,410.7148848889725,414.70774373349485,418.7003137254758,422.6930493009263,426.6853491215148,430.6788080903399
8.800695e-06 8.800695e-06 6.433215e-02 0.00 0.45531269806747615 -0.03972280118582474 0.15804679013016237 0.5647692899377309 335.7038187427383,339.7058989815074,343.7083610330712,347.71073487210975,351.7136144045656,355.71604322734964,359.7191938986171,363.7217977397089,367.7250520460986,371.7278571439442,375.73114910896203,379.73415741135926,383.7374140412176,387.7402300529692,391.7436123983473,395.74659697027323,399.7498181161835,403.75277986239035,407.75601811519573,411.7589043810043,415.7619146175982,419.7646411498311,423.76751570282204,427.77000629654145,431.77281313104527
4.694490e-08 4.694490e-08 2.180750e-01 0.00 0.45531269806747615 -0.03977914214693374 0.15804679013016237 0.5647692899377309 335.4667480600342,339.46591859479224,343.4657573729708,347.4650836843087,351.46515276460934,355.46477775907044,359.46505267855656,363.464976436304,367.4652339745359,371.465267520494,375.4657144791294,379.46590819009896,383.4662782141432,387.4664022779394,391.4669393909453,395.4671554028042,399.4675646573327,403.4676043225326,407.4680483363639,411.46800896641565,415.4681819109844,419.46811077207315,423.4682501401948,427.4679382746377,431.46806722379216
1.046299e-05 1.046299e-05 1.798457e-02 0.00 0.45531269806747615 -0.03984635642746773 0.15804679013016237 0.5647692899377309 335.1838673840647,339.1796563376798,343.1760641698778,347.1722204948373,351.1687940062446,355.16509204831766,359.16189770234314,363.15841773461256,367.15535479393105,371.1520889229017,375.14907426245946,379.1457600830202,383.14283087555265,387.13965280286567,391.136707749327,395.1334940095176,399.1305527894296,403.12726301164173,407.12434284294443,411.1209205618871,415.11767399331785,419.1142485045435,423.1108356829109,427.10726969705405,431.1043042759058
9.518380e-05 9.518380e-05 2.389954e-01 0.00 0.45531269806747615 -0.03997761997053842 0.15804679013016237 0.5647692899377309 334.63570708418257,338.62501494549383,342.6149177209386,346.6044051633339,350.5945393478203,354.58429368273744,358.574693764733,362.5646486415173,366.5550230060554,370.54513985156046,374.53564658212065,378.5257998090953,382.51629423683306,386.5066128597494,390.49712502186617,394.48734310370213,398.4778593677406,402.46798070295296,406.45859572604166,410.4485918112885,414.4389157800121,418.4288419964397,422.41906007220285,426.40882086336075,430.3997394590723
2.990966e-07 2.990966e-07 2.454889e-01 0.00 0.45531269806747615 -0.03977157085062474 0.15804679013016237 0.5647692899377309 335.498491503847,339.49818250426165,343.4983022872321,347.49804486014114,351.49862900391497,355.4985822657755,359.4991267812619,363.4994406291545,367.50008749387604,371.5005021207921,375.50145280327934,379.501816770262,383.50274563554626,387.503216132428,391.5041025326093,395.5044373773351,399.5053814690182,403.5057649063705,407.5065451678742,411.5070594509428,415.50758634140436,419.5078950397274,423.50843088658735,427.50852416340877,431.50903485087224
4.575151e-05 4.575151e-05 1.512110e-02 0.00 0.45531269806747615 -0.039647482300954155 0.15804679013016237 0.5647692899377309 336.0210168866689,340.0268153489908,344.03314561523626,348.03934485909843,352.0459040075712,356.05216419846073,360.0589988613732,364.06555747677106,368.0722270388311,372.0789997734528,376.0861662239608,380.09280965628824,384.0998739740424,388.1066589943902,392.11371558070476,396.1204221005118,400.1275121589475,404.1341620449737,408.141160549375,412.1476589511849,416.15471212352134,420.16109190596825,424.1677534928221,428.17414763880987
1.370372e-04 1.370372e-04 1.613221e-01 0.00 0.45531269806747615 -0.03954941136940907 0.15804679013016237 0.5647692899377309 336.43547202823163,340.4462248546128,344.45751726128736,348.4684711049242,352.4802178497884,356.4914038469623,360.5031549650697,364.5145273984744,368.52652024534024,372.53800985572025,376.54996906608096,380.56168174546144,384.5736869686191,388.585359151058,392.59742551926837,396.6090637589819,400.6210703975146,404.63270145585676,408.64469921017115,412.6561439524205,416.6680557933814,420.67947127007085,424.6910390516611,428.7022702021574
8.879572e-06 8.879572e-06 6.369204e-02 0.00 0.45531269806747615 -0.03972257976806414 0.15804679013016237 0.5647692899377309 335.7048172657735,339.7069541575372,343.7095322276097,347.7119079140218,351.7147328949012,355.7173164054758,359.72031934365833,363.72307504564753,367.7261800600578,371.7291283599655,375.73231619079974,379.7353587535544,383.7386374189976,387.7416327786503,391.74494443119534,395.74782691820934,399.75114951867175,403.75402890440887,407.7573425949712,411.76010782980416,415.76319747920695,419.7658219506528,423.7688890579828,427.771391447634,431.7742819935421
4.612022e-05 4.612022e-05 5.017217e-02 0.00 0.45531269806747615 -0.039917794580540185 0.15804679013016237 0.5647692899377309 334.88444092673694,338.8767506450103,342.8695504663314,346.8620320068494,350.855145698456,354.84796382681793,358.84122077616803,362.8340031603539,366.82741104778586,370.82057434245695,374.81394670046654,378.80715691373047,382.80065185674584,386.79376590871357,390.78735130647397,394.78049722821163,398.7740440214489,402.767160318991,406.760543589658,410.7536610810233,414.7469102549883,418.7399374941723,422.73301041970484,426.7258681154318,430.71949592980326
9.224925e-06 9.224925e-06 2.348498e-02 0.00 0.45531269806747615 -0.03984250746305871 0.15804679013016237 0.5647692899377309 335.20029390850453,339.19624568837054,343.19290464420646,347.18929783284284,351.18596895153564,355.1824988438557,359.17961056432466,363.1761924902118,367.17337520126085,371.17020343363623,375.16751763579236,379.16441330199825,383.1616861308212,387.15864974847767,391.15592436325096,395.15291788523905,399.15015114419896,403.14702210888845,407.1443871493229,411.14101053506016,415.13806582004236,419.13478528196504,423.13163438606995,427.1282753767428,431.125455613052
5.238227e-08 5.238227e-08 2.207411e-01 0.00 0.45531269806747615 -0.03977841678210332 0.15804679013016237 0.5647692899377309 335.4691520051925,339.46842853890485,343.46816448997924,347.46771896973695,351.4679108591398,355.46747283560853,359.46770230546525,363.46763827227255,367.4679864567648,371.4679458280959,375.46840850260065,379.46853737851933,383.46917921996953,387.46927443530825,391.46971798113645,395.46990723866276,399.47031816155373,403.47044381355425,407.4709083314755,411.4709831499099,415.4711528919927,419.47108738168873,423.47128142674745,427.47098254467653,431.47122394847315
3.916030e-08 3.916030e-08 1.938176e-01 0.00 0.45531269806747615 -0.03978444721994895 0.15804679013016237 0.5647692899377309 335.4442264947557,339.44313027367895,343.4426471230231,347.44184256592587,351.4414977742168,355.44092209213954,359.44081219396065,363.44051346020467,367.4406057276586,371.44017420062124,375.4404054085229,379.4403012942751,383.440479303471,387.440282744865,391.4405250420952,395.4403231577485,399.44057352376717,403.4404163627367,407.4403738643943,411.4402161018784,415.4400868220134,419.4398399189105,423.43952835601203,427.4391103492671,431.4389870650266
1.936316e-05 1.936316e-05 1.396583e-02 0.00 0.45531269806747615 -0.03969465449542541 0.15804679013016237 0.5647692899377309 335.8225013197981,339.82584273775655,343.8299983950034,347.8336525547184,351.83792168704326,355.8418577533506,359.8463230564125,363.85043554251894,367.855056177636,371.8592196599283,375.86397873504774,379.86832058978894,383.8731183614611,387.87742765249993,391.8820973980889,395.88642137015756,399.8912142812301,403.8954298303367,407.90016117244437,411.9045323383524,415.9089486201025,419.91296270095904,423.9172661546603,427.9212485660195
2.760588e-05 2.760588e-05 5.436869e-03 0.00 0.45531269806747615 -0.0398867416805181 0.15804679013016237 0.5647692899377309 335.0142766956255,339.0080345787967,343.0023958370231,346.9965000999249,350.991101146832,354.98535446916617,358.98020385815374,362.974573216314,366.9696165316061,370.9642093251075,374.95918934297384,378.9540220526303,382.94893448045735,386.94368177024944,390.93873808545436,394.93354193492274,398.9285348612403,402.92320583605726,406.91821692319763,410.9127604869025,414.90764984850205,418.9021774164557,422.8967251113626,426.89098817464173,430.8863300233794
2.279001e-06 2.279001e-06 1.582446e-01 0.00 0.45531269806747615 -0.03975179611894543 0.15804679013016237 0.5647692899377309 335.58137991345154,339.58184385087355,343.5830518606444,347.58381490973204,351.58531745092057,355.5862820455985,359.58807018555666,363.5891827441306,367.5908419737888,371.5922697706963,375.5940395596743,379.59552103688446,383.5973082673654,387.59884591896775,391.6006594798843,395.6023015220317,399.60401672473347,403.60539193038704,407.607156763979,411.60854037177387,415.6101547094333,419.6114606970193,423.61276509255094,427.6138080462049,431.6154055509271
2.553733e-08 2.553733e-08 2.001523e-01 0.00 0.45531269806747615 -0.039782985334371246 0.15804679013016237 0.5647692899377309 335.4503094109181,339.44918160644744,343.4487426770494,347.44785111446686,351.447832289404,355.4472858546842,359.447442747578,363.44693917813646,367.44708469350445,371.44694851134966,375.4471488000536,379.4470759881554,383.4474191230419,387.4473528157721,391.44761995677425,395.4475344730423,399.4477476948097,403.4476483510455,407.4478174595638,411.44760238864853,415.4476101469866,419.4473889608517,423.4470612498896,427.44679476722763,431.4468243394598
3.031616e-05 3.031616e-05 9.739535e-04 0.00 0.45531269806747615 -0.039672743236565784 0.15804679013016237 0.5647692899377309 335.91488444087736,339.91941037072286,343.9245166729811,347.9294691576672,351.9348992496738,355.93972340090244,359.945423969477,363.95068845290433,367.95623211495825,371.9616957679794,375.9674191171889,379.9728467685789,383.9786689105396,387.98412174705595,391.9898975584605,395.99545518598217,400.00137604038883,404.0066934791078,408.01247169814536,412.01773037184364,416.02336176926275,420.0285716872028,424.03404502967885,428.03908023988885
8.179772e-05 8.179772e-05 1.193286e-01 0.00 0.45531269806747615 -0.039602188745636056 0.15804679013016237 0.5647692899377309 336.212473386447,340.22059489414465,344.22926065513593,348.23765649459347,352.24649711098994,356.25513581054776,360.264211609887,364.2728994351548,368.28217270235825,372.2910577639559,376.3003528320097,380.30933251048174,384.3187625837742,388.3278189945365,392.3371382603523,396.34614645038204,400.3554421707225,404.3644722343104,408.3737074680928,412.38257796643774,416.39169456582863,420.4005967489695,424.40944506918316,428.4180980423616
2.960856e-06 2.960856e-06 8.055445e-02 0.00 0.45531269806747615 -0.03981583466420154 0.15804679013016237 0.5647692899377309 335.3109055823622,339.30892388084703,343.30689479333887,347.30444356586776,351.3026237552449,355.30045215178006,359.2988478632948,363.29685811814414,367.29536207259173,371.293448455927,375.2919235389508,379.29025739064684,383.28887399089143,387.28712485991815,391.2858120802038,395.28407463306485,399.2826573865326,403.2809070633948,407.27937525913757,411.2775408741457,415.2757916961658,419.273943226321,423.2720778715956,427.2700023646969,431.26843544315636
2.149690e-05 2.149690e-05 7.337767e-04 0.00 0.45531269806747615 -0.03987460092501968 0.15804679013016237 0.5647692899377309 335.0657757933248,339.06013286557226,343.05517051624054,347.0498058197844,351.0450185539157,355.0399687326922,359.03527896427454,363.03043938186215,367.0260721467905,371.0213009463704,375.0168953194641,379.01222737377896,383.00791557455807,387.0032366236151,390.99886684056105,394.99426589240386,398.98985049097655,402.98525955326204,406.98079614025113,410.9760692241628,414.97144502912073,418.96659094931533,422.9618826996883,426.95677572473755,430.952551464545
